 25 150
 1 2
 1 4
 1 8
 1 22
 2 3
 2 11
 3 11
 3 13
 4 3
 4 11
 4 13
 4 22
 5 1
 5 3
 5 4
 5 10
 5 12
 5 13
 5 15
 5 22
 6 1
 6 4
 6 9
 6 11
 6 12
 6 15
 7 3
 7 6
 7 10
 7 12
 7 13
 7 14
 7 16
 7 18
 7 20
 7 21
 7 24
 7 25
 8 3
 8 11
 8 13
 8 22
 9 1
 9 3
 9 8
 9 10
 9 12
 9 13
 9 14
 9 15
 9 22
 10 4
 10 18
 11 13
 12 2
 12 3
 12 4
 12 8
 12 11
 12 13
 12 14
 14 11
 14 13
 15 2
 15 4
 15 8
 15 10
 15 11
 15 14
 15 16
 16 2
 16 11
 16 13
 17 1
 17 4
 17 5
 17 6
 17 8
 17 10
 17 12
 17 18
 17 20
 17 23
 17 24
 18 1
 18 4
 18 11
 18 12
 18 13
 18 22
 19 1
 19 5
 19 7
 19 8
 19 9
 19 10
 19 12
 19 13
 19 15
 19 20
 19 25
 20 1
 20 2
 20 6
 20 8
 20 11
 20 15
 20 16
 20 22
 20 25
 21 1
 21 2
 21 5
 21 11
 21 13
 21 18
 21 20
 21 22
 21 25
 22 3
 22 11
 23 1
 23 2
 23 4
 23 6
 23 7
 23 9
 23 12
 23 14
 23 16
 23 20
 23 24
 24 2
 24 3
 24 4
 24 10
 24 11
 24 12
 24 13
 24 15
 24 16
 24 22
 25 2
 25 3
 25 4
 25 6
 25 12
 25 13
 25 14
 25 15
