 120 3570
 1 4
 1 7
 1 12
 1 18
 1 23
 1 24
 1 27
 1 31
 1 37
 1 40
 1 46
 1 56
 1 67
 1 72
 1 77
 1 80
 1 81
 1 83
 1 86
 1 88
 1 92
 1 98
 1 99
 1 113
 1 118
 1 119
 2 1
 2 4
 2 5
 2 7
 2 8
 2 13
 2 16
 2 17
 2 19
 2 22
 2 23
 2 24
 2 26
 2 27
 2 28
 2 29
 2 30
 2 32
 2 37
 2 38
 2 40
 2 45
 2 46
 2 48
 2 51
 2 52
 2 53
 2 56
 2 57
 2 60
 2 61
 2 62
 2 63
 2 67
 2 68
 2 72
 2 74
 2 75
 2 77
 2 80
 2 86
 2 87
 2 88
 2 90
 2 95
 2 98
 2 99
 2 101
 2 103
 2 105
 2 106
 2 107
 2 109
 2 113
 2 119
 2 120
 3 7
 3 18
 3 27
 3 29
 3 39
 3 42
 3 46
 3 48
 3 51
 3 55
 3 58
 3 59
 3 60
 3 62
 3 64
 3 68
 3 69
 3 71
 3 77
 3 80
 3 81
 3 82
 3 99
 3 100
 3 107
 3 118
 4 16
 4 27
 4 37
 4 63
 4 64
 4 66
 4 81
 4 82
 4 83
 5 1
 5 16
 5 18
 5 23
 5 27
 5 29
 5 31
 5 37
 5 39
 5 40
 5 42
 5 49
 5 51
 5 56
 5 62
 5 66
 5 68
 5 71
 5 77
 5 78
 5 80
 5 81
 5 83
 5 87
 5 88
 5 90
 5 92
 5 95
 5 100
 5 107
 5 113
 6 1
 6 3
 6 4
 6 7
 6 10
 6 12
 6 17
 6 19
 6 23
 6 24
 6 25
 6 27
 6 29
 6 33
 6 35
 6 38
 6 39
 6 41
 6 43
 6 45
 6 49
 6 51
 6 55
 6 56
 6 58
 6 62
 6 68
 6 69
 6 71
 6 74
 6 78
 6 79
 6 80
 6 82
 6 83
 6 85
 6 86
 6 87
 6 88
 6 89
 6 90
 6 92
 6 94
 6 98
 6 99
 6 105
 6 107
 6 113
 6 116
 6 119
 6 120
 7 4
 7 16
 7 23
 7 27
 7 48
 7 62
 7 63
 7 64
 7 66
 7 81
 7 82
 7 83
 7 87
 7 89
 8 3
 8 5
 8 7
 8 12
 8 18
 8 23
 8 24
 8 40
 8 45
 8 46
 8 49
 8 50
 8 58
 8 62
 8 63
 8 66
 8 67
 8 68
 8 72
 8 74
 8 78
 8 86
 8 89
 8 94
 8 95
 8 100
 8 107
 8 109
 8 113
 8 118
 9 3
 9 4
 9 6
 9 13
 9 16
 9 17
 9 18
 9 19
 9 23
 9 24
 9 28
 9 29
 9 38
 9 41
 9 42
 9 43
 9 46
 9 47
 9 49
 9 55
 9 56
 9 57
 9 58
 9 66
 9 71
 9 73
 9 78
 9 80
 9 81
 9 82
 9 83
 9 84
 9 85
 9 89
 9 90
 9 92
 9 94
 9 101
 9 105
 9 107
 9 109
 9 111
 9 112
 9 113
 9 118
 9 120
 10 3
 10 4
 10 8
 10 12
 10 14
 10 17
 10 18
 10 23
 10 27
 10 30
 10 32
 10 33
 10 35
 10 38
 10 39
 10 42
 10 50
 10 51
 10 55
 10 56
 10 57
 10 58
 10 59
 10 60
 10 64
 10 68
 10 69
 10 73
 10 87
 10 89
 10 92
 10 94
 10 96
 10 99
 10 100
 10 105
 10 111
 10 113
 10 116
 10 118
 10 119
 11 1
 11 3
 11 4
 11 8
 11 9
 11 12
 11 13
 11 15
 11 16
 11 19
 11 20
 11 21
 11 23
 11 24
 11 25
 11 28
 11 29
 11 30
 11 31
 11 32
 11 36
 11 38
 11 41
 11 42
 11 43
 11 44
 11 45
 11 46
 11 48
 11 49
 11 50
 11 54
 11 59
 11 60
 11 62
 11 68
 11 71
 11 74
 11 76
 11 81
 11 82
 11 84
 11 86
 11 92
 11 93
 11 94
 11 95
 11 96
 11 100
 11 103
 11 104
 11 105
 11 107
 11 109
 11 111
 11 112
 11 114
 11 115
 11 116
 11 119
 12 4
 12 16
 12 18
 12 27
 12 37
 12 48
 12 51
 12 58
 12 62
 12 66
 12 71
 12 81
 12 82
 12 83
 12 89
 12 95
 12 113
 13 4
 13 5
 13 8
 13 16
 13 18
 13 22
 13 24
 13 25
 13 27
 13 32
 13 33
 13 42
 13 43
 13 51
 13 56
 13 58
 13 59
 13 60
 13 63
 13 64
 13 66
 13 68
 13 69
 13 72
 13 73
 13 74
 13 82
 13 84
 13 87
 13 89
 13 90
 13 94
 13 95
 13 96
 13 99
 13 105
 13 106
 13 107
 13 109
 13 111
 13 112
 13 113
 13 118
 14 1
 14 7
 14 8
 14 12
 14 25
 14 28
 14 29
 14 32
 14 37
 14 38
 14 40
 14 42
 14 43
 14 47
 14 57
 14 58
 14 59
 14 62
 14 63
 14 66
 14 67
 14 69
 14 72
 14 74
 14 82
 14 84
 14 85
 14 87
 14 90
 14 92
 14 94
 14 98
 14 100
 14 101
 14 112
 14 113
 14 116
 14 120
 15 5
 15 6
 15 8
 15 9
 15 12
 15 18
 15 19
 15 22
 15 24
 15 30
 15 34
 15 35
 15 36
 15 40
 15 41
 15 46
 15 48
 15 50
 15 51
 15 52
 15 54
 15 55
 15 56
 15 57
 15 63
 15 65
 15 68
 15 69
 15 73
 15 74
 15 75
 15 78
 15 82
 15 85
 15 95
 15 96
 15 101
 15 104
 15 107
 15 109
 15 111
 15 112
 15 113
 15 115
 15 116
 15 118
 15 119
 17 3
 17 5
 17 8
 17 18
 17 24
 17 25
 17 29
 17 30
 17 31
 17 40
 17 41
 17 42
 17 48
 17 49
 17 51
 17 55
 17 56
 17 59
 17 60
 17 62
 17 63
 17 64
 17 68
 17 69
 17 72
 17 74
 17 80
 17 82
 17 92
 17 98
 17 99
 17 100
 17 107
 17 111
 17 112
 17 118
 18 16
 18 23
 18 27
 18 29
 18 48
 18 49
 18 58
 18 62
 18 63
 18 64
 18 66
 18 71
 18 81
 18 82
 18 87
 18 89
 18 107
 19 8
 19 16
 19 25
 19 27
 19 31
 19 37
 19 41
 19 45
 19 46
 19 49
 19 50
 19 56
 19 60
 19 62
 19 63
 19 64
 19 71
 19 74
 19 78
 19 83
 19 86
 19 90
 19 100
 19 109
 19 111
 19 112
 19 113
 19 119
 19 120
 20 1
 20 2
 20 3
 20 12
 20 13
 20 14
 20 15
 20 18
 20 22
 20 23
 20 24
 20 27
 20 28
 20 30
 20 31
 20 33
 20 36
 20 40
 20 41
 20 45
 20 49
 20 50
 20 52
 20 54
 20 55
 20 56
 20 59
 20 62
 20 64
 20 67
 20 69
 20 71
 20 77
 20 78
 20 79
 20 80
 20 82
 20 83
 20 85
 20 86
 20 89
 20 90
 20 92
 20 93
 20 96
 20 98
 20 99
 20 100
 20 103
 20 105
 20 106
 20 107
 20 111
 20 112
 20 118
 20 120
 21 2
 21 3
 21 4
 21 5
 21 7
 21 12
 21 15
 21 16
 21 20
 21 22
 21 23
 21 24
 21 25
 21 26
 21 29
 21 30
 21 31
 21 33
 21 36
 21 37
 21 40
 21 42
 21 46
 21 48
 21 49
 21 52
 21 55
 21 56
 21 57
 21 59
 21 65
 21 68
 21 71
 21 73
 21 74
 21 75
 21 76
 21 78
 21 80
 21 83
 21 85
 21 86
 21 88
 21 89
 21 90
 21 94
 21 99
 21 101
 21 102
 21 103
 21 104
 21 105
 21 106
 21 109
 21 113
 21 114
 21 118
 21 119
 21 120
 22 3
 22 5
 22 7
 22 12
 22 16
 22 18
 22 23
 22 25
 22 29
 22 32
 22 33
 22 38
 22 40
 22 42
 22 43
 22 48
 22 49
 22 50
 22 55
 22 56
 22 57
 22 58
 22 60
 22 62
 22 64
 22 66
 22 67
 22 68
 22 71
 22 77
 22 78
 22 86
 22 90
 22 92
 22 94
 22 95
 22 100
 22 101
 22 111
 22 112
 22 116
 22 119
 23 4
 23 16
 23 51
 23 58
 23 63
 23 64
 23 71
 23 83
 23 89
 23 95
 23 107
 23 113
 24 4
 24 7
 24 16
 24 18
 24 27
 24 31
 24 37
 24 48
 24 51
 24 58
 24 60
 24 62
 24 63
 24 66
 24 68
 24 71
 24 82
 24 87
 24 89
 24 92
 24 95
 24 119
 25 1
 25 4
 25 23
 25 31
 25 39
 25 42
 25 43
 25 45
 25 50
 25 56
 25 58
 25 60
 25 62
 25 64
 25 66
 25 72
 25 77
 25 78
 25 82
 25 83
 25 100
 25 105
 25 107
 25 111
 25 118
 25 119
 26 3
 26 6
 26 8
 26 9
 26 13
 26 14
 26 16
 26 18
 26 24
 26 25
 26 27
 26 28
 26 31
 26 35
 26 37
 26 38
 26 41
 26 49
 26 51
 26 58
 26 59
 26 60
 26 63
 26 65
 26 67
 26 69
 26 71
 26 72
 26 74
 26 78
 26 81
 26 83
 26 85
 26 86
 26 87
 26 90
 26 92
 26 96
 26 98
 26 101
 26 105
 26 107
 26 109
 26 113
 27 29
 27 48
 27 49
 27 62
 27 64
 27 66
 27 81
 27 83
 27 89
 27 95
 28 1
 28 3
 28 7
 28 8
 28 12
 28 18
 28 23
 28 27
 28 29
 28 39
 28 41
 28 42
 28 46
 28 48
 28 50
 28 55
 28 60
 28 62
 28 64
 28 66
 28 67
 28 69
 28 71
 28 72
 28 74
 28 82
 28 83
 28 85
 28 87
 28 89
 28 92
 28 94
 28 95
 28 99
 28 100
 28 105
 28 109
 28 113
 28 116
 28 118
 29 49
 29 71
 29 89
 30 3
 30 4
 30 8
 30 23
 30 29
 30 31
 30 37
 30 46
 30 50
 30 56
 30 58
 30 59
 30 60
 30 62
 30 63
 30 67
 30 69
 30 74
 30 77
 30 82
 30 86
 30 87
 30 89
 30 92
 30 94
 30 95
 30 98
 30 105
 30 107
 30 111
 30 118
 30 119
 31 4
 31 16
 31 18
 31 23
 31 27
 31 29
 31 51
 31 58
 31 62
 31 63
 31 71
 31 83
 31 89
 31 113
 32 1
 32 5
 32 7
 32 18
 32 19
 32 28
 32 29
 32 31
 32 33
 32 37
 32 38
 32 40
 32 42
 32 45
 32 46
 32 48
 32 50
 32 55
 32 57
 32 58
 32 59
 32 60
 32 62
 32 63
 32 69
 32 71
 32 77
 32 78
 32 79
 32 81
 32 83
 32 84
 32 87
 32 88
 32 90
 32 92
 32 99
 32 100
 32 101
 32 109
 32 111
 32 112
 32 116
 32 119
 32 120
 33 1
 33 4
 33 5
 33 8
 33 18
 33 19
 33 25
 33 28
 33 31
 33 39
 33 41
 33 43
 33 46
 33 49
 33 51
 33 57
 33 59
 33 60
 33 63
 33 66
 33 69
 33 71
 33 74
 33 77
 33 79
 33 80
 33 83
 33 85
 33 87
 33 90
 33 94
 33 99
 33 100
 33 105
 33 113
 33 116
 33 119
 34 5
 34 6
 34 8
 34 16
 34 19
 34 24
 34 26
 34 27
 34 28
 34 29
 34 32
 34 35
 34 37
 34 39
 34 44
 34 47
 34 49
 34 50
 34 51
 34 55
 34 56
 34 57
 34 58
 34 59
 34 60
 34 63
 34 64
 34 65
 34 66
 34 67
 34 69
 34 71
 34 72
 34 73
 34 78
 34 79
 34 80
 34 82
 34 85
 34 86
 34 87
 34 88
 34 89
 34 92
 34 95
 34 96
 34 99
 34 103
 34 107
 34 109
 34 111
 34 116
 34 117
 34 118
 35 3
 35 8
 35 14
 35 19
 35 22
 35 23
 35 24
 35 25
 35 27
 35 28
 35 29
 35 30
 35 31
 35 33
 35 38
 35 39
 35 41
 35 43
 35 49
 35 57
 35 68
 35 72
 35 73
 35 83
 35 84
 35 85
 35 87
 35 90
 35 92
 35 96
 35 98
 35 100
 35 109
 35 112
 35 113
 35 116
 35 118
 35 119
 35 120
 36 1
 36 3
 36 5
 36 7
 36 9
 36 12
 36 13
 36 16
 36 18
 36 23
 36 24
 36 25
 36 27
 36 29
 36 31
 36 33
 36 38
 36 39
 36 42
 36 44
 36 45
 36 48
 36 51
 36 56
 36 57
 36 58
 36 61
 36 62
 36 63
 36 65
 36 69
 36 71
 36 74
 36 75
 36 82
 36 83
 36 84
 36 87
 36 88
 36 93
 36 94
 36 96
 36 100
 36 105
 36 107
 36 111
 36 113
 36 118
 36 119
 36 120
 37 29
 37 48
 37 49
 37 58
 37 81
 37 95
 38 5
 38 18
 38 19
 38 27
 38 29
 38 30
 38 33
 38 37
 38 41
 38 46
 38 49
 38 51
 38 55
 38 56
 38 58
 38 60
 38 66
 38 67
 38 72
 38 74
 38 79
 38 82
 38 83
 38 85
 38 86
 38 88
 38 89
 38 92
 38 94
 38 95
 38 98
 38 107
 38 109
 38 113
 38 118
 39 7
 39 12
 39 18
 39 23
 39 27
 39 29
 39 37
 39 48
 39 49
 39 51
 39 62
 39 63
 39 66
 39 81
 39 82
 39 95
 39 100
 39 119
 40 4
 40 7
 40 12
 40 16
 40 18
 40 23
 40 24
 40 27
 40 37
 40 39
 40 48
 40 62
 40 63
 40 66
 40 69
 40 71
 40 81
 40 82
 40 83
 40 86
 40 89
 40 90
 40 92
 40 107
 40 113
 41 3
 41 4
 41 7
 41 12
 41 18
 41 23
 41 24
 41 27
 41 31
 41 37
 41 39
 41 40
 41 46
 41 48
 41 49
 41 50
 41 51
 41 55
 41 58
 41 59
 41 63
 41 66
 41 67
 41 72
 41 77
 41 78
 41 80
 41 86
 41 88
 41 89
 41 113
 41 118
 41 119
 42 4
 42 7
 42 12
 42 18
 42 23
 42 24
 42 27
 42 29
 42 37
 42 39
 42 49
 42 58
 42 60
 42 64
 42 71
 42 81
 42 82
 42 83
 42 89
 42 90
 42 95
 42 107
 42 113
 42 119
 43 1
 43 5
 43 7
 43 12
 43 29
 43 41
 43 45
 43 46
 43 48
 43 49
 43 56
 43 59
 43 60
 43 69
 43 77
 43 80
 43 82
 43 87
 43 88
 43 89
 43 90
 43 92
 43 99
 43 100
 43 119
 44 1
 44 3
 44 4
 44 6
 44 7
 44 10
 44 13
 44 16
 44 19
 44 22
 44 23
 44 24
 44 28
 44 29
 44 30
 44 35
 44 40
 44 43
 44 46
 44 51
 44 54
 44 57
 44 58
 44 59
 44 62
 44 63
 44 65
 44 69
 44 72
 44 73
 44 78
 44 80
 44 81
 44 85
 44 94
 44 95
 44 96
 44 100
 44 109
 44 117
 45 7
 45 16
 45 18
 45 24
 45 46
 45 51
 45 60
 45 62
 45 66
 45 69
 45 80
 45 82
 45 87
 45 98
 45 100
 45 113
 46 4
 46 12
 46 16
 46 23
 46 40
 46 42
 46 58
 46 60
 46 66
 46 67
 46 68
 46 69
 46 71
 46 82
 46 83
 46 86
 46 87
 46 89
 46 90
 46 92
 46 100
 46 107
 46 113
 47 1
 47 4
 47 5
 47 8
 47 12
 47 16
 47 24
 47 29
 47 30
 47 31
 47 32
 47 40
 47 41
 47 43
 47 46
 47 49
 47 50
 47 55
 47 57
 47 58
 47 63
 47 66
 47 67
 47 73
 47 74
 47 77
 47 78
 47 79
 47 80
 47 82
 47 85
 47 86
 47 87
 47 88
 47 92
 47 94
 47 100
 47 101
 47 111
 47 113
 47 116
 47 119
 47 120
 48 29
 48 64
 48 71
 48 89
 48 95
 50 4
 50 7
 50 12
 50 16
 50 29
 50 39
 50 40
 50 42
 50 45
 50 46
 50 49
 50 51
 50 62
 50 64
 50 66
 50 67
 50 69
 50 81
 50 86
 50 87
 50 89
 50 90
 50 98
 50 99
 50 100
 50 113
 50 119
 51 29
 51 62
 51 64
 51 71
 51 95
 52 4
 52 6
 52 13
 52 14
 52 16
 52 18
 52 24
 52 25
 52 26
 52 27
 52 28
 52 30
 52 33
 52 37
 52 39
 52 44
 52 45
 52 46
 52 47
 52 49
 52 50
 52 55
 52 57
 52 58
 52 59
 52 60
 52 62
 52 65
 52 66
 52 67
 52 68
 52 69
 52 78
 52 80
 52 82
 52 83
 52 86
 52 87
 52 88
 52 96
 52 106
 52 111
 52 112
 52 113
 52 118
 53 3
 53 5
 53 7
 53 9
 53 13
 53 18
 53 22
 53 23
 53 28
 53 29
 53 31
 53 32
 53 33
 53 35
 53 37
 53 39
 53 40
 53 47
 53 48
 53 49
 53 52
 53 55
 53 56
 53 61
 53 69
 53 71
 53 73
 53 75
 53 78
 53 79
 53 81
 53 86
 53 87
 53 89
 53 90
 53 93
 53 94
 53 95
 53 99
 53 101
 53 105
 53 113
 53 116
 53 117
 53 118
 53 119
 54 4
 54 5
 54 6
 54 10
 54 12
 54 16
 54 19
 54 24
 54 25
 54 29
 54 30
 54 31
 54 32
 54 35
 54 39
 54 40
 54 41
 54 42
 54 47
 54 49
 54 50
 54 57
 54 58
 54 59
 54 60
 54 64
 54 65
 54 66
 54 67
 54 69
 54 71
 54 72
 54 73
 54 74
 54 78
 54 82
 54 85
 54 86
 54 87
 54 88
 54 89
 54 96
 54 99
 54 101
 54 111
 54 112
 54 113
 54 116
 54 118
 54 119
 55 4
 55 16
 55 18
 55 31
 55 45
 55 46
 55 48
 55 50
 55 58
 55 62
 55 63
 55 66
 55 77
 55 80
 55 82
 55 86
 55 92
 55 98
 55 99
 56 7
 56 16
 56 29
 56 37
 56 42
 56 48
 56 49
 56 58
 56 60
 56 64
 56 66
 56 68
 56 69
 56 71
 56 80
 56 81
 56 86
 56 87
 56 90
 56 92
 56 95
 56 98
 56 100
 56 113
 56 119
 57 4
 57 5
 57 8
 57 16
 57 18
 57 23
 57 24
 57 25
 57 27
 57 31
 57 41
 57 43
 57 46
 57 49
 57 50
 57 59
 57 60
 57 64
 57 67
 57 72
 57 73
 57 74
 57 78
 57 81
 57 83
 57 86
 57 87
 57 88
 57 90
 57 94
 57 95
 57 105
 57 107
 57 109
 57 112
 57 113
 57 118
 57 119
 58 16
 58 49
 58 64
 58 95
 59 7
 59 16
 59 23
 59 24
 59 39
 59 40
 59 42
 59 45
 59 49
 59 55
 59 58
 59 64
 59 66
 59 68
 59 69
 59 72
 59 78
 59 80
 59 81
 59 82
 59 83
 59 88
 59 92
 59 95
 59 99
 59 100
 59 107
 59 119
 60 4
 60 12
 60 23
 60 27
 60 29
 60 37
 60 48
 60 62
 60 64
 60 66
 60 83
 60 86
 60 87
 60 107
 60 113
 61 5
 61 7
 61 8
 61 12
 61 13
 61 14
 61 16
 61 18
 61 22
 61 23
 61 24
 61 29
 61 30
 61 31
 61 33
 61 35
 61 37
 61 44
 61 47
 61 49
 61 50
 61 51
 61 54
 61 57
 61 58
 61 59
 61 62
 61 63
 61 65
 61 67
 61 73
 61 74
 61 77
 61 78
 61 80
 61 83
 61 84
 61 88
 61 89
 61 92
 61 95
 61 98
 61 99
 61 101
 61 106
 61 109
 61 111
 61 119
 62 29
 62 48
 62 64
 62 81
 63 29
 63 48
 63 62
 63 64
 63 89
 63 113
 64 16
 65 7
 65 8
 65 16
 65 17
 65 18
 65 23
 65 24
 65 25
 65 27
 65 28
 65 32
 65 33
 65 42
 65 43
 65 45
 65 46
 65 48
 65 49
 65 50
 65 55
 65 56
 65 57
 65 62
 65 63
 65 64
 65 66
 65 67
 65 69
 65 72
 65 78
 65 79
 65 81
 65 83
 65 84
 65 85
 65 89
 65 92
 65 94
 65 95
 65 98
 65 101
 65 109
 65 116
 66 16
 66 48
 66 49
 66 51
 66 58
 66 62
 66 64
 67 4
 67 7
 67 23
 67 24
 67 31
 67 37
 67 58
 67 60
 67 62
 67 63
 67 64
 67 71
 67 81
 67 82
 67 89
 67 92
 67 95
 68 7
 68 12
 68 23
 68 27
 68 29
 68 31
 68 39
 68 48
 68 60
 68 62
 68 64
 68 66
 68 71
 68 81
 68 87
 68 89
 68 90
 68 100
 68 107
 68 113
 69 7
 69 16
 69 18
 69 23
 69 24
 69 29
 69 31
 69 37
 69 48
 69 63
 69 64
 69 66
 69 71
 69 82
 69 86
 69 89
 69 90
 70 1
 70 3
 70 4
 70 8
 70 9
 70 10
 70 13
 70 14
 70 15
 70 16
 70 18
 70 19
 70 26
 70 27
 70 29
 70 30
 70 31
 70 35
 70 36
 70 39
 70 43
 70 44
 70 48
 70 49
 70 51
 70 54
 70 55
 70 58
 70 62
 70 63
 70 68
 70 72
 70 73
 70 74
 70 75
 70 77
 70 79
 70 82
 70 85
 70 87
 70 92
 70 93
 70 102
 70 105
 70 106
 70 109
 70 111
 70 112
 70 113
 70 115
 70 116
 70 119
 70 120
 72 4
 72 12
 72 18
 72 23
 72 27
 72 37
 72 39
 72 46
 72 50
 72 56
 72 58
 72 60
 72 62
 72 67
 72 82
 72 86
 72 87
 72 92
 72 98
 72 100
 72 107
 73 3
 73 5
 73 8
 73 16
 73 17
 73 18
 73 19
 73 23
 73 24
 73 25
 73 30
 73 40
 73 41
 73 43
 73 45
 73 48
 73 56
 73 58
 73 60
 73 63
 73 64
 73 68
 73 69
 73 72
 73 77
 73 83
 73 87
 73 90
 73 94
 73 95
 73 107
 73 109
 73 111
 73 112
 73 116
 73 119
 73 120
 74 5
 74 7
 74 16
 74 37
 74 41
 74 42
 74 43
 74 45
 74 46
 74 48
 74 55
 74 56
 74 58
 74 64
 74 66
 74 68
 74 71
 74 72
 74 77
 74 78
 74 88
 74 89
 74 92
 74 95
 74 98
 74 99
 74 105
 74 107
 74 111
 74 113
 74 118
 74 119
 75 1
 75 3
 75 5
 75 7
 75 9
 75 12
 75 13
 75 14
 75 19
 75 24
 75 25
 75 26
 75 28
 75 34
 75 37
 75 39
 75 40
 75 42
 75 44
 75 46
 75 50
 75 51
 75 52
 75 55
 75 56
 75 57
 75 64
 75 68
 75 71
 75 72
 75 74
 75 77
 75 79
 75 81
 75 83
 75 87
 75 88
 75 89
 75 92
 75 93
 75 94
 75 96
 75 100
 75 101
 75 105
 75 107
 75 116
 75 120
 76 1
 76 2
 76 3
 76 4
 76 7
 76 9
 76 10
 76 12
 76 16
 76 17
 76 18
 76 22
 76 24
 76 29
 76 33
 76 34
 76 35
 76 36
 76 37
 76 38
 76 39
 76 40
 76 41
 76 44
 76 45
 76 50
 76 51
 76 52
 76 53
 76 59
 76 60
 76 61
 76 62
 76 63
 76 65
 76 67
 76 71
 76 72
 76 74
 76 75
 76 80
 76 82
 76 83
 76 85
 76 86
 76 87
 76 88
 76 99
 76 103
 76 104
 76 111
 76 115
 76 119
 77 4
 77 7
 77 16
 77 18
 77 23
 77 24
 77 27
 77 29
 77 31
 77 37
 77 39
 77 42
 77 46
 77 48
 77 49
 77 51
 77 58
 77 60
 77 63
 77 64
 77 67
 77 69
 77 71
 77 80
 77 83
 77 86
 77 87
 77 113
 77 119
 78 18
 78 23
 78 31
 78 40
 78 46
 78 48
 78 51
 78 62
 78 64
 78 66
 78 68
 78 69
 78 80
 78 82
 78 83
 78 86
 78 89
 78 98
 78 99
 78 100
 78 107
 78 113
 79 1
 79 3
 79 4
 79 5
 79 8
 79 12
 79 24
 79 25
 79 29
 79 30
 79 31
 79 39
 79 43
 79 46
 79 48
 79 55
 79 56
 79 58
 79 59
 79 60
 79 62
 79 63
 79 64
 79 71
 79 72
 79 73
 79 74
 79 80
 79 81
 79 86
 79 88
 79 90
 79 92
 79 98
 79 99
 79 107
 79 109
 79 112
 79 113
 79 118
 80 23
 80 37
 80 42
 80 46
 80 48
 80 60
 80 62
 80 63
 80 64
 80 67
 80 95
 80 107
 80 119
 81 89
 82 16
 82 37
 82 48
 82 49
 82 51
 82 58
 82 63
 82 81
 82 89
 82 113
 83 16
 83 37
 83 62
 83 81
 83 89
 83 95
 84 1
 84 3
 84 5
 84 7
 84 17
 84 25
 84 29
 84 30
 84 33
 84 39
 84 43
 84 45
 84 55
 84 56
 84 57
 84 58
 84 59
 84 60
 84 66
 84 67
 84 71
 84 73
 84 74
 84 77
 84 81
 84 82
 84 85
 84 86
 84 90
 84 95
 84 100
 84 101
 84 105
 84 107
 84 120
 85 1
 85 3
 85 5
 85 7
 85 12
 85 16
 85 18
 85 37
 85 40
 85 41
 85 42
 85 45
 85 46
 85 50
 85 56
 85 60
 85 64
 85 66
 85 72
 85 81
 85 83
 85 88
 85 89
 85 100
 85 105
 85 107
 85 112
 85 113
 85 118
 86 18
 86 29
 86 48
 86 49
 86 58
 86 62
 86 66
 86 71
 86 83
 86 87
 86 92
 86 107
 87 16
 87 27
 87 29
 87 37
 87 48
 87 49
 87 62
 87 63
 87 66
 87 81
 87 82
 87 83
 87 113
 88 4
 88 7
 88 12
 88 18
 88 23
 88 27
 88 31
 88 42
 88 45
 88 49
 88 50
 88 56
 88 58
 88 60
 88 64
 88 66
 88 67
 88 71
 88 72
 88 78
 88 80
 88 81
 88 86
 88 87
 88 90
 88 92
 88 95
 88 98
 88 99
 88 100
 88 107
 88 119
 89 71
 90 4
 90 7
 90 12
 90 16
 90 18
 90 23
 90 31
 90 37
 90 48
 90 49
 90 58
 90 62
 90 64
 90 81
 90 82
 90 87
 90 92
 90 95
 91 3
 91 5
 91 9
 91 12
 91 13
 91 14
 91 15
 91 16
 91 17
 91 18
 91 23
 91 25
 91 26
 91 27
 91 30
 91 33
 91 34
 91 36
 91 38
 91 40
 91 42
 91 43
 91 45
 91 47
 91 48
 91 49
 91 51
 91 52
 91 54
 91 55
 91 56
 91 61
 91 67
 91 68
 91 69
 91 74
 91 75
 91 77
 91 79
 91 84
 91 85
 91 86
 91 88
 91 90
 91 93
 91 98
 91 99
 91 103
 91 105
 91 107
 91 111
 91 113
 91 115
 91 118
 91 120
 92 4
 92 12
 92 18
 92 23
 92 27
 92 29
 92 51
 92 63
 92 64
 92 66
 92 81
 92 83
 92 89
 92 107
 92 113
 93 1
 93 3
 93 6
 93 7
 93 8
 93 16
 93 17
 93 18
 93 22
 93 23
 93 26
 93 28
 93 30
 93 31
 93 32
 93 33
 93 35
 93 38
 93 41
 93 44
 93 45
 93 48
 93 49
 93 52
 93 54
 93 55
 93 58
 93 59
 93 60
 93 62
 93 63
 93 66
 93 71
 93 77
 93 79
 93 80
 93 81
 93 90
 93 94
 93 95
 93 99
 93 101
 93 103
 93 111
 93 112
 93 113
 93 118
 93 119
 93 120
 94 3
 94 5
 94 16
 94 18
 94 23
 94 25
 94 27
 94 29
 94 31
 94 37
 94 40
 94 41
 94 42
 94 43
 94 45
 94 48
 94 49
 94 50
 94 56
 94 59
 94 60
 94 62
 94 63
 94 66
 94 67
 94 68
 94 72
 94 74
 94 77
 94 80
 94 81
 94 83
 94 100
 94 107
 94 109
 94 112
 94 113
 95 64
 95 71
 96 1
 96 3
 96 5
 96 7
 96 8
 96 12
 96 16
 96 17
 96 24
 96 25
 96 32
 96 37
 96 38
 96 39
 96 42
 96 45
 96 50
 96 51
 96 57
 96 60
 96 63
 96 66
 96 68
 96 69
 96 71
 96 74
 96 77
 96 81
 96 86
 96 89
 96 95
 96 98
 96 99
 96 100
 96 101
 96 105
 96 107
 96 109
 96 113
 97 3
 97 7
 97 8
 97 9
 97 14
 97 15
 97 18
 97 19
 97 27
 97 30
 97 31
 97 32
 97 35
 97 38
 97 40
 97 42
 97 43
 97 44
 97 49
 97 51
 97 52
 97 53
 97 54
 97 56
 97 57
 97 60
 97 63
 97 66
 97 68
 97 69
 97 70
 97 71
 97 73
 97 75
 97 76
 97 77
 97 80
 97 84
 97 85
 97 88
 97 90
 97 93
 97 94
 97 96
 97 99
 97 102
 97 104
 97 105
 97 107
 97 109
 97 111
 97 112
 97 113
 97 117
 98 4
 98 18
 98 23
 98 24
 98 27
 98 31
 98 40
 98 51
 98 60
 98 62
 98 66
 98 69
 98 71
 98 81
 98 83
 98 86
 98 89
 98 100
 99 24
 99 29
 99 39
 99 40
 99 42
 99 58
 99 60
 99 62
 99 63
 99 66
 99 67
 99 69
 99 81
 99 82
 99 86
 99 95
 99 119
 100 4
 100 7
 100 12
 100 16
 100 23
 100 29
 100 37
 100 48
 100 62
 100 63
 100 71
 100 81
 100 82
 100 89
 100 95
 100 107
 101 1
 101 4
 101 5
 101 12
 101 17
 101 18
 101 27
 101 28
 101 30
 101 31
 101 37
 101 38
 101 40
 101 41
 101 42
 101 43
 101 46
 101 48
 101 49
 101 51
 101 55
 101 56
 101 57
 101 58
 101 59
 101 62
 101 67
 101 68
 101 69
 101 71
 101 72
 101 73
 101 79
 101 81
 101 82
 101 87
 101 88
 101 89
 101 90
 101 92
 101 95
 101 98
 101 105
 101 107
 101 112
 101 113
 101 116
 101 118
 101 119
 101 120
 102 2
 102 4
 102 9
 102 15
 102 16
 102 19
 102 20
 102 24
 102 27
 102 29
 102 30
 102 32
 102 33
 102 34
 102 37
 102 38
 102 40
 102 42
 102 43
 102 44
 102 45
 102 46
 102 47
 102 48
 102 51
 102 52
 102 53
 102 54
 102 55
 102 56
 102 57
 102 60
 102 61
 102 63
 102 66
 102 67
 102 68
 102 69
 102 71
 102 72
 102 74
 102 81
 102 85
 102 86
 102 87
 102 90
 102 92
 102 93
 102 96
 102 98
 102 99
 102 100
 102 106
 102 107
 102 109
 102 111
 102 112
 102 113
 102 116
 102 117
 102 118
 102 119
 103 7
 103 9
 103 10
 103 13
 103 14
 103 16
 103 17
 103 19
 103 22
 103 29
 103 31
 103 33
 103 37
 103 39
 103 40
 103 43
 103 44
 103 46
 103 48
 103 51
 103 54
 103 57
 103 59
 103 61
 103 62
 103 64
 103 66
 103 67
 103 68
 103 71
 103 72
 103 73
 103 74
 103 78
 103 80
 103 83
 103 85
 103 88
 103 90
 103 92
 103 95
 103 98
 103 100
 103 107
 103 109
 103 111
 103 112
 103 113
 103 117
 103 119
 104 2
 104 3
 104 5
 104 6
 104 9
 104 10
 104 12
 104 17
 104 18
 104 19
 104 22
 104 26
 104 27
 104 28
 104 31
 104 33
 104 34
 104 35
 104 36
 104 37
 104 40
 104 44
 104 47
 104 48
 104 49
 104 51
 104 54
 104 55
 104 56
 104 60
 104 62
 104 63
 104 64
 104 65
 104 66
 104 67
 104 68
 104 69
 104 71
 104 73
 104 74
 104 77
 104 79
 104 81
 104 83
 104 84
 104 86
 104 90
 104 92
 104 96
 104 99
 104 105
 104 109
 104 111
 104 113
 104 114
 104 115
 104 117
 105 1
 105 4
 105 5
 105 12
 105 23
 105 24
 105 27
 105 29
 105 31
 105 40
 105 41
 105 45
 105 48
 105 49
 105 50
 105 58
 105 59
 105 60
 105 62
 105 63
 105 64
 105 66
 105 68
 105 69
 105 71
 105 72
 105 80
 105 83
 105 92
 105 95
 105 107
 105 111
 105 113
 106 1
 106 3
 106 12
 106 14
 106 16
 106 17
 106 18
 106 19
 106 23
 106 24
 106 25
 106 27
 106 28
 106 29
 106 37
 106 39
 106 45
 106 47
 106 48
 106 51
 106 55
 106 56
 106 57
 106 59
 106 60
 106 64
 106 68
 106 72
 106 73
 106 74
 106 78
 106 79
 106 81
 106 88
 106 90
 106 92
 106 95
 106 96
 106 98
 106 100
 106 105
 106 107
 106 111
 106 112
 106 118
 107 16
 107 48
 107 49
 107 62
 107 64
 107 66
 107 82
 107 83
 107 87
 107 89
 107 95
 107 113
 108 1
 108 4
 108 5
 108 6
 108 8
 108 10
 108 11
 108 16
 108 18
 108 19
 108 20
 108 21
 108 28
 108 29
 108 31
 108 32
 108 34
 108 35
 108 38
 108 39
 108 40
 108 41
 108 42
 108 44
 108 45
 108 47
 108 52
 108 58
 108 59
 108 60
 108 61
 108 62
 108 63
 108 66
 108 67
 108 69
 108 73
 108 74
 108 76
 108 79
 108 82
 108 83
 108 88
 108 89
 108 90
 108 91
 108 92
 108 95
 108 99
 108 100
 108 102
 108 103
 108 104
 108 107
 108 109
 108 110
 108 114
 108 116
 108 118
 108 120
 109 3
 109 5
 109 7
 109 16
 109 24
 109 25
 109 29
 109 31
 109 37
 109 39
 109 40
 109 41
 109 42
 109 45
 109 46
 109 49
 109 50
 109 55
 109 60
 109 62
 109 66
 109 77
 109 80
 109 81
 109 86
 109 89
 109 90
 109 98
 109 99
 109 107
 109 112
 109 118
 110 3
 110 5
 110 10
 110 13
 110 16
 110 18
 110 23
 110 24
 110 25
 110 29
 110 31
 110 33
 110 37
 110 39
 110 41
 110 42
 110 46
 110 47
 110 49
 110 51
 110 52
 110 53
 110 54
 110 55
 110 56
 110 57
 110 59
 110 60
 110 61
 110 64
 110 65
 110 66
 110 67
 110 68
 110 74
 110 75
 110 77
 110 79
 110 80
 110 82
 110 83
 110 84
 110 85
 110 86
 110 88
 110 89
 110 92
 110 93
 110 95
 110 96
 110 98
 110 99
 110 105
 110 112
 110 113
 110 114
 110 116
 110 117
 111 1
 111 3
 111 4
 111 5
 111 16
 111 18
 111 24
 111 27
 111 29
 111 39
 111 41
 111 48
 111 50
 111 55
 111 59
 111 60
 111 62
 111 64
 111 66
 111 67
 111 69
 111 71
 111 72
 111 77
 111 78
 111 81
 111 86
 111 87
 111 89
 111 90
 111 92
 111 98
 111 107
 111 113
 112 1
 112 12
 112 18
 112 27
 112 39
 112 41
 112 42
 112 46
 112 48
 112 49
 112 51
 112 56
 112 58
 112 62
 112 63
 112 64
 112 71
 112 72
 112 78
 112 80
 112 81
 112 82
 112 83
 112 87
 112 88
 112 95
 112 98
 112 100
 112 107
 112 111
 112 113
 112 119
 113 27
 113 29
 113 37
 113 48
 113 49
 113 51
 113 62
 113 66
 113 71
 113 81
 113 83
 113 95
 114 3
 114 4
 114 6
 114 8
 114 10
 114 13
 114 14
 114 16
 114 17
 114 18
 114 19
 114 24
 114 25
 114 26
 114 27
 114 31
 114 34
 114 36
 114 39
 114 44
 114 45
 114 46
 114 48
 114 50
 114 53
 114 54
 114 55
 114 56
 114 57
 114 60
 114 61
 114 65
 114 66
 114 72
 114 74
 114 77
 114 79
 114 80
 114 81
 114 82
 114 83
 114 86
 114 90
 114 95
 114 98
 114 99
 114 101
 114 103
 114 107
 114 109
 114 111
 114 112
 114 115
 114 119
 114 120
 115 1
 115 3
 115 4
 115 6
 115 12
 115 14
 115 18
 115 19
 115 22
 115 23
 115 24
 115 25
 115 26
 115 27
 115 29
 115 30
 115 33
 115 34
 115 40
 115 41
 115 45
 115 46
 115 47
 115 48
 115 49
 115 52
 115 56
 115 59
 115 60
 115 62
 115 64
 115 66
 115 67
 115 69
 115 73
 115 75
 115 77
 115 78
 115 81
 115 83
 115 85
 115 88
 115 90
 115 92
 115 94
 115 96
 115 100
 115 101
 115 106
 115 107
 115 109
 115 112
 115 116
 116 1
 116 3
 116 4
 116 7
 116 8
 116 12
 116 24
 116 25
 116 30
 116 31
 116 37
 116 39
 116 40
 116 41
 116 45
 116 46
 116 49
 116 50
 116 63
 116 66
 116 69
 116 77
 116 78
 116 80
 116 82
 116 83
 116 86
 116 87
 116 88
 116 89
 116 92
 116 94
 116 95
 116 98
 116 99
 116 107
 116 111
 116 113
 116 118
 117 8
 117 10
 117 12
 117 13
 117 14
 117 18
 117 23
 117 25
 117 29
 117 30
 117 38
 117 39
 117 45
 117 46
 117 47
 117 51
 117 54
 117 57
 117 65
 117 66
 117 68
 117 79
 117 80
 117 81
 117 88
 117 92
 117 94
 117 95
 117 96
 117 99
 117 100
 117 101
 117 106
 117 109
 117 111
 117 119
 117 120
 118 7
 118 12
 118 16
 118 18
 118 24
 118 29
 118 40
 118 45
 118 46
 118 64
 118 66
 118 67
 118 68
 118 71
 118 72
 118 78
 118 80
 118 86
 118 87
 118 89
 118 90
 118 92
 118 95
 118 107
 118 119
 119 18
 119 23
 119 31
 119 49
 119 51
 119 58
 119 62
 119 64
 119 66
 119 81
 119 83
 119 87
 119 89
 119 90
 119 92
 119 95
 120 1
 120 4
 120 5
 120 7
 120 12
 120 16
 120 18
 120 24
 120 25
 120 30
 120 39
 120 40
 120 41
 120 45
 120 46
 120 48
 120 50
 120 55
 120 58
 120 60
 120 62
 120 63
 120 64
 120 66
 120 67
 120 71
 120 74
 120 78
 120 80
 120 81
 120 83
 120 88
 120 89
 120 100
 120 105
 120 107
 120 109
 120 111
 120 112
 120 118
