 180 8055
 1 4
 1 5
 1 6
 1 7
 1 9
 1 10
 1 11
 1 13
 1 16
 1 18
 1 22
 1 23
 1 24
 1 25
 1 27
 1 28
 1 33
 1 34
 1 35
 1 36
 1 38
 1 41
 1 43
 1 44
 1 46
 1 48
 1 49
 1 51
 1 53
 1 57
 1 61
 1 62
 1 65
 1 66
 1 67
 1 68
 1 72
 1 74
 1 82
 1 83
 1 85
 1 86
 1 89
 1 90
 1 91
 1 92
 1 93
 1 98
 1 101
 1 102
 1 105
 1 106
 1 108
 1 109
 1 113
 1 116
 1 124
 1 125
 1 126
 1 129
 1 130
 1 131
 1 133
 1 136
 1 137
 1 138
 1 139
 1 141
 1 142
 1 143
 1 144
 1 146
 1 148
 1 149
 1 151
 1 153
 1 154
 1 157
 1 158
 1 162
 1 163
 1 164
 1 167
 1 168
 1 169
 1 170
 1 171
 1 175
 1 177
 1 179
 2 3
 2 5
 2 27
 2 54
 2 55
 2 62
 2 64
 2 67
 2 73
 2 76
 2 79
 2 87
 2 94
 2 96
 2 98
 2 104
 2 107
 2 124
 2 128
 2 130
 2 133
 2 134
 2 135
 2 136
 2 138
 2 140
 2 141
 2 142
 2 143
 2 149
 2 150
 2 152
 2 154
 2 155
 2 159
 2 162
 2 175
 2 176
 3 5
 3 7
 3 14
 3 17
 3 27
 3 31
 3 32
 3 40
 3 48
 3 56
 3 59
 3 63
 3 71
 3 76
 3 87
 3 94
 3 96
 3 98
 3 99
 3 104
 3 105
 3 124
 3 130
 3 131
 3 133
 3 134
 3 136
 3 141
 3 143
 3 152
 3 154
 3 156
 3 159
 3 160
 3 162
 3 163
 3 168
 3 171
 3 179
 4 2
 4 5
 4 6
 4 7
 4 10
 4 13
 4 14
 4 15
 4 18
 4 20
 4 21
 4 24
 4 27
 4 30
 4 33
 4 35
 4 36
 4 39
 4 40
 4 42
 4 43
 4 51
 4 53
 4 54
 4 57
 4 59
 4 60
 4 62
 4 67
 4 68
 4 75
 4 76
 4 81
 4 82
 4 83
 4 84
 4 85
 4 94
 4 95
 4 96
 4 99
 4 100
 4 104
 4 105
 4 111
 4 113
 4 114
 4 118
 4 119
 4 123
 4 125
 4 126
 4 127
 4 133
 4 136
 4 137
 4 139
 4 141
 4 145
 4 146
 4 147
 4 151
 4 154
 4 156
 4 158
 4 159
 4 161
 4 162
 4 163
 4 164
 4 165
 4 166
 4 167
 4 170
 4 173
 4 175
 4 177
 4 179
 5 9
 5 32
 5 52
 5 54
 5 107
 5 141
 5 143
 6 5
 6 9
 6 15
 6 28
 6 31
 6 37
 6 46
 6 48
 6 53
 6 57
 6 58
 6 60
 6 62
 6 63
 6 67
 6 76
 6 78
 6 79
 6 83
 6 84
 6 85
 6 94
 6 96
 6 104
 6 107
 6 114
 6 123
 6 130
 6 137
 6 138
 6 139
 6 140
 6 141
 6 142
 6 146
 6 150
 6 153
 6 154
 6 155
 6 159
 6 163
 6 164
 6 168
 6 173
 6 175
 6 179
 7 5
 7 34
 7 36
 7 52
 7 54
 7 55
 7 56
 7 59
 7 62
 7 64
 7 72
 7 73
 7 92
 7 100
 7 105
 7 107
 7 128
 7 136
 7 139
 7 143
 7 161
 7 162
 7 176
 8 2
 8 3
 8 9
 8 11
 8 12
 8 17
 8 18
 8 19
 8 20
 8 24
 8 29
 8 31
 8 33
 8 34
 8 35
 8 36
 8 38
 8 39
 8 42
 8 46
 8 47
 8 48
 8 51
 8 55
 8 56
 8 58
 8 61
 8 62
 8 63
 8 67
 8 68
 8 71
 8 72
 8 74
 8 78
 8 79
 8 80
 8 81
 8 82
 8 89
 8 90
 8 91
 8 93
 8 94
 8 95
 8 96
 8 97
 8 98
 8 102
 8 103
 8 106
 8 107
 8 109
 8 111
 8 115
 8 117
 8 123
 8 127
 8 129
 8 130
 8 131
 8 133
 8 134
 8 137
 8 140
 8 141
 8 142
 8 143
 8 146
 8 147
 8 151
 8 152
 8 158
 8 159
 8 163
 8 164
 8 166
 8 170
 8 173
 8 176
 8 179
 9 15
 9 54
 9 107
 9 141
 9 143
 10 5
 10 15
 10 54
 10 72
 10 128
 10 133
 10 143
 11 3
 11 5
 11 6
 11 7
 11 10
 11 13
 11 15
 11 19
 11 20
 11 24
 11 27
 11 31
 11 32
 11 34
 11 37
 11 38
 11 39
 11 40
 11 44
 11 46
 11 51
 11 55
 11 57
 11 60
 11 61
 11 63
 11 64
 11 72
 11 73
 11 75
 11 76
 11 79
 11 81
 11 83
 11 85
 11 91
 11 92
 11 95
 11 98
 11 100
 11 102
 11 103
 11 104
 11 106
 11 109
 11 110
 11 111
 11 114
 11 115
 11 117
 11 123
 11 126
 11 127
 11 130
 11 131
 11 132
 11 133
 11 135
 11 138
 11 141
 11 142
 11 143
 11 145
 11 152
 11 154
 11 155
 11 165
 11 168
 11 170
 11 171
 11 173
 11 177
 12 5
 12 6
 12 9
 12 11
 12 15
 12 17
 12 19
 12 20
 12 21
 12 27
 12 31
 12 33
 12 34
 12 37
 12 38
 12 39
 12 42
 12 43
 12 45
 12 52
 12 57
 12 58
 12 62
 12 63
 12 66
 12 68
 12 71
 12 73
 12 75
 12 76
 12 78
 12 81
 12 82
 12 83
 12 87
 12 88
 12 89
 12 91
 12 92
 12 95
 12 96
 12 97
 12 98
 12 99
 12 101
 12 104
 12 107
 12 110
 12 113
 12 114
 12 115
 12 118
 12 119
 12 124
 12 127
 12 131
 12 132
 12 133
 12 134
 12 137
 12 139
 12 140
 12 143
 12 145
 12 146
 12 147
 12 149
 12 152
 12 159
 12 161
 12 162
 12 164
 12 167
 12 171
 12 173
 12 176
 12 177
 13 7
 13 15
 13 17
 13 21
 13 31
 13 40
 13 48
 13 52
 13 53
 13 54
 13 55
 13 56
 13 59
 13 71
 13 72
 13 83
 13 85
 13 105
 13 127
 13 128
 13 134
 13 136
 13 137
 13 140
 13 142
 13 146
 13 150
 13 152
 13 154
 13 156
 13 163
 13 167
 14 9
 14 10
 14 48
 14 56
 14 92
 14 136
 14 161
 14 164
 15 55
 15 64
 16 3
 16 5
 16 6
 16 9
 16 15
 16 17
 16 21
 16 27
 16 31
 16 34
 16 36
 16 37
 16 46
 16 47
 16 53
 16 56
 16 57
 16 60
 16 62
 16 63
 16 64
 16 73
 16 76
 16 83
 16 88
 16 94
 16 99
 16 100
 16 104
 16 107
 16 119
 16 123
 16 133
 16 134
 16 139
 16 141
 16 142
 16 143
 16 146
 16 147
 16 150
 16 152
 16 153
 16 154
 16 155
 16 156
 16 162
 16 163
 16 167
 16 168
 16 171
 16 175
 16 176
 17 5
 17 7
 17 10
 17 15
 17 34
 17 37
 17 48
 17 55
 17 56
 17 59
 17 63
 17 71
 17 83
 17 87
 17 92
 17 94
 17 100
 17 105
 17 107
 17 124
 17 128
 17 130
 17 134
 17 136
 17 139
 17 143
 17 153
 17 155
 17 162
 17 164
 17 168
 17 175
 18 5
 18 9
 18 13
 18 15
 18 17
 18 20
 18 27
 18 28
 18 30
 18 31
 18 33
 18 36
 18 46
 18 47
 18 53
 18 54
 18 55
 18 57
 18 58
 18 62
 18 71
 18 72
 18 73
 18 78
 18 85
 18 87
 18 88
 18 92
 18 96
 18 99
 18 103
 18 104
 18 105
 18 107
 18 109
 18 110
 18 114
 18 127
 18 128
 18 130
 18 131
 18 132
 18 133
 18 136
 18 137
 18 139
 18 143
 18 149
 18 150
 18 151
 18 153
 18 158
 18 160
 18 162
 18 163
 18 165
 18 168
 18 170
 18 171
 18 173
 18 175
 18 179
 19 10
 19 14
 19 16
 19 17
 19 20
 19 24
 19 31
 19 34
 19 40
 19 43
 19 47
 19 48
 19 52
 19 53
 19 54
 19 55
 19 56
 19 58
 19 64
 19 71
 19 73
 19 78
 19 81
 19 84
 19 88
 19 89
 19 95
 19 100
 19 107
 19 119
 19 123
 19 125
 19 128
 19 131
 19 134
 19 135
 19 137
 19 142
 19 145
 19 147
 19 150
 19 156
 19 159
 19 160
 19 163
 19 164
 19 167
 19 171
 19 173
 19 175
 19 179
 20 3
 20 5
 20 10
 20 15
 20 17
 20 21
 20 28
 20 31
 20 48
 20 56
 20 62
 20 63
 20 64
 20 67
 20 71
 20 83
 20 85
 20 91
 20 92
 20 94
 20 99
 20 100
 20 107
 20 110
 20 114
 20 123
 20 124
 20 127
 20 130
 20 135
 20 137
 20 138
 20 140
 20 141
 20 142
 20 147
 20 152
 20 159
 20 165
 20 168
 20 170
 20 171
 20 173
 20 179
 21 3
 21 10
 21 14
 21 17
 21 27
 21 28
 21 31
 21 32
 21 36
 21 48
 21 52
 21 53
 21 54
 21 55
 21 56
 21 59
 21 62
 21 63
 21 71
 21 72
 21 73
 21 76
 21 83
 21 87
 21 91
 21 92
 21 94
 21 104
 21 105
 21 127
 21 128
 21 130
 21 131
 21 133
 21 134
 21 136
 21 139
 21 140
 21 141
 21 146
 21 152
 21 153
 21 154
 21 155
 21 156
 21 160
 21 161
 21 162
 21 179
 22 7
 22 10
 22 11
 22 14
 22 15
 22 16
 22 19
 22 20
 22 25
 22 28
 22 30
 22 31
 22 35
 22 40
 22 42
 22 43
 22 44
 22 45
 22 46
 22 47
 22 48
 22 53
 22 54
 22 59
 22 63
 22 65
 22 72
 22 74
 22 75
 22 76
 22 79
 22 80
 22 81
 22 87
 22 88
 22 92
 22 93
 22 94
 22 96
 22 97
 22 100
 22 103
 22 106
 22 107
 22 109
 22 110
 22 115
 22 118
 22 119
 22 123
 22 126
 22 128
 22 130
 22 132
 22 133
 22 138
 22 139
 22 140
 22 142
 22 143
 22 144
 22 145
 22 146
 22 149
 22 151
 22 154
 22 155
 22 157
 22 160
 22 162
 22 165
 22 173
 22 176
 22 177
 22 179
 23 2
 23 3
 23 5
 23 6
 23 7
 23 11
 23 16
 23 17
 23 18
 23 19
 23 20
 23 21
 23 22
 23 24
 23 25
 23 29
 23 30
 23 31
 23 32
 23 34
 23 38
 23 39
 23 41
 23 43
 23 45
 23 46
 23 51
 23 52
 23 53
 23 54
 23 55
 23 59
 23 61
 23 64
 23 65
 23 66
 23 68
 23 71
 23 72
 23 73
 23 75
 23 79
 23 80
 23 84
 23 85
 23 89
 23 94
 23 96
 23 100
 23 105
 23 106
 23 107
 23 110
 23 111
 23 113
 23 114
 23 117
 23 119
 23 124
 23 125
 23 126
 23 127
 23 128
 23 131
 23 133
 23 135
 23 137
 23 138
 23 139
 23 140
 23 142
 23 145
 23 146
 23 147
 23 150
 23 151
 23 154
 23 155
 23 156
 23 157
 23 158
 23 162
 23 168
 23 171
 23 173
 23 176
 23 177
 23 178
 23 180
 24 3
 24 5
 24 6
 24 9
 24 10
 24 13
 24 15
 24 16
 24 20
 24 21
 24 28
 24 30
 24 32
 24 34
 24 36
 24 43
 24 46
 24 48
 24 54
 24 59
 24 60
 24 63
 24 78
 24 79
 24 83
 24 85
 24 92
 24 97
 24 100
 24 104
 24 105
 24 128
 24 130
 24 131
 24 133
 24 137
 24 140
 24 141
 24 142
 24 146
 24 147
 24 150
 24 152
 24 153
 24 154
 24 155
 24 157
 24 159
 24 163
 24 168
 24 170
 24 171
 24 173
 24 179
 25 3
 25 5
 25 7
 25 10
 25 14
 25 15
 25 16
 25 17
 25 19
 25 24
 25 27
 25 28
 25 39
 25 46
 25 47
 25 48
 25 51
 25 52
 25 54
 25 55
 25 56
 25 59
 25 60
 25 63
 25 64
 25 65
 25 72
 25 78
 25 79
 25 81
 25 83
 25 89
 25 94
 25 95
 25 98
 25 103
 25 105
 25 107
 25 109
 25 110
 25 114
 25 119
 25 125
 25 127
 25 128
 25 130
 25 131
 25 133
 25 137
 25 139
 25 140
 25 141
 25 142
 25 145
 25 147
 25 150
 25 151
 25 156
 25 157
 25 161
 25 162
 25 164
 25 165
 25 168
 25 170
 25 171
 25 175
 25 176
 26 2
 26 5
 26 6
 26 7
 26 8
 26 9
 26 10
 26 12
 26 13
 26 16
 26 19
 26 20
 26 21
 26 23
 26 24
 26 27
 26 29
 26 33
 26 35
 26 36
 26 37
 26 39
 26 42
 26 43
 26 48
 26 51
 26 56
 26 62
 26 64
 26 65
 26 66
 26 68
 26 72
 26 73
 26 75
 26 78
 26 80
 26 84
 26 87
 26 88
 26 89
 26 93
 26 96
 26 97
 26 102
 26 103
 26 104
 26 110
 26 113
 26 114
 26 115
 26 117
 26 119
 26 124
 26 131
 26 135
 26 137
 26 139
 26 140
 26 142
 26 143
 26 144
 26 145
 26 146
 26 147
 26 150
 26 151
 26 152
 26 153
 26 154
 26 157
 26 158
 26 159
 26 161
 26 162
 26 163
 26 167
 26 168
 26 170
 26 171
 26 174
 26 178
 26 179
 27 9
 27 10
 27 14
 27 34
 27 36
 27 54
 27 63
 27 64
 27 72
 27 79
 27 83
 27 87
 27 91
 27 98
 27 100
 27 105
 27 107
 27 128
 27 130
 27 131
 27 134
 27 136
 27 138
 27 139
 27 149
 27 153
 27 154
 27 155
 27 161
 27 162
 27 168
 27 175
 27 176
 27 179
 28 5
 28 9
 28 14
 28 15
 28 17
 28 31
 28 34
 28 54
 28 56
 28 63
 28 71
 28 73
 28 76
 28 83
 28 85
 28 98
 28 104
 28 133
 28 134
 28 137
 28 140
 28 141
 28 149
 28 152
 28 153
 28 154
 28 159
 28 161
 28 162
 28 163
 28 168
 28 175
 28 179
 29 2
 29 6
 29 7
 29 10
 29 17
 29 19
 29 20
 29 21
 29 22
 29 24
 29 25
 29 27
 29 28
 29 30
 29 31
 29 32
 29 37
 29 38
 29 39
 29 43
 29 46
 29 48
 29 52
 29 53
 29 55
 29 58
 29 62
 29 64
 29 65
 29 66
 29 67
 29 68
 29 71
 29 72
 29 74
 29 76
 29 78
 29 79
 29 80
 29 81
 29 82
 29 83
 29 84
 29 87
 29 93
 29 97
 29 98
 29 100
 29 101
 29 102
 29 103
 29 104
 29 105
 29 106
 29 107
 29 110
 29 113
 29 115
 29 118
 29 119
 29 124
 29 125
 29 127
 29 133
 29 135
 29 137
 29 138
 29 141
 29 142
 29 143
 29 144
 29 150
 29 153
 29 156
 29 157
 29 158
 29 159
 29 161
 29 166
 29 167
 29 168
 29 170
 29 171
 29 173
 29 177
 29 179
 29 180
 30 7
 30 9
 30 10
 30 17
 30 20
 30 27
 30 31
 30 37
 30 56
 30 57
 30 62
 30 63
 30 64
 30 73
 30 85
 30 91
 30 92
 30 100
 30 105
 30 107
 30 123
 30 130
 30 134
 30 135
 30 137
 30 138
 30 139
 30 141
 30 142
 30 146
 30 149
 30 152
 30 154
 30 156
 30 159
 30 160
 30 161
 30 163
 30 164
 30 168
 30 173
 30 175
 30 176
 31 5
 31 7
 31 10
 31 14
 31 15
 31 17
 31 27
 31 32
 31 36
 31 37
 31 48
 31 56
 31 59
 31 62
 31 63
 31 71
 31 83
 31 87
 31 100
 31 104
 31 124
 31 128
 31 130
 31 131
 31 133
 31 136
 31 137
 31 138
 31 149
 31 153
 31 161
 31 163
 31 164
 32 15
 32 52
 32 54
 32 64
 32 128
 32 133
 33 9
 33 15
 33 16
 33 17
 33 21
 33 28
 33 32
 33 37
 33 46
 33 47
 33 48
 33 52
 33 53
 33 57
 33 59
 33 60
 33 63
 33 72
 33 73
 33 79
 33 83
 33 85
 33 87
 33 88
 33 89
 33 92
 33 94
 33 98
 33 100
 33 104
 33 110
 33 114
 33 124
 33 125
 33 127
 33 128
 33 130
 33 135
 33 138
 33 141
 33 146
 33 153
 33 154
 33 156
 33 159
 33 163
 33 165
 33 167
 33 173
 33 175
 34 54
 34 55
 34 56
 34 64
 34 79
 34 105
 34 141
 34 143
 34 161
 34 162
 34 164
 34 175
 35 2
 35 3
 35 5
 35 6
 35 7
 35 9
 35 10
 35 13
 35 17
 35 18
 35 21
 35 24
 35 25
 35 34
 35 37
 35 40
 35 51
 35 52
 35 58
 35 60
 35 63
 35 64
 35 67
 35 72
 35 73
 35 76
 35 78
 35 85
 35 88
 35 89
 35 92
 35 96
 35 97
 35 100
 35 103
 35 107
 35 110
 35 114
 35 118
 35 124
 35 125
 35 127
 35 129
 35 133
 35 135
 35 137
 35 139
 35 140
 35 141
 35 142
 35 143
 35 145
 35 146
 35 153
 35 155
 35 156
 35 159
 35 164
 35 165
 35 168
 35 170
 35 175
 35 176
 36 5
 36 9
 36 10
 36 52
 36 54
 36 64
 36 128
 36 136
 36 162
 37 9
 37 14
 37 32
 37 34
 37 54
 37 56
 37 64
 37 71
 37 72
 37 73
 37 79
 37 83
 37 87
 37 92
 37 94
 37 98
 37 107
 37 128
 37 131
 37 133
 37 134
 37 137
 37 141
 37 154
 37 163
 37 164
 38 2
 38 7
 38 9
 38 10
 38 14
 38 15
 38 27
 38 28
 38 30
 38 31
 38 33
 38 34
 38 36
 38 39
 38 46
 38 47
 38 53
 38 54
 38 55
 38 57
 38 58
 38 59
 38 62
 38 64
 38 65
 38 71
 38 72
 38 78
 38 81
 38 83
 38 88
 38 89
 38 91
 38 96
 38 98
 38 105
 38 113
 38 114
 38 119
 38 123
 38 124
 38 125
 38 128
 38 130
 38 131
 38 133
 38 136
 38 137
 38 138
 38 145
 38 146
 38 147
 38 149
 38 151
 38 152
 38 154
 38 155
 38 157
 38 161
 38 162
 38 165
 38 167
 38 170
 38 179
 39 2
 39 5
 39 6
 39 13
 39 19
 39 20
 39 27
 39 31
 39 32
 39 37
 39 40
 39 53
 39 55
 39 56
 39 58
 39 60
 39 62
 39 64
 39 71
 39 72
 39 73
 39 78
 39 79
 39 81
 39 83
 39 84
 39 88
 39 89
 39 94
 39 97
 39 98
 39 100
 39 105
 39 107
 39 109
 39 110
 39 124
 39 125
 39 127
 39 128
 39 131
 39 132
 39 136
 39 138
 39 141
 39 142
 39 145
 39 147
 39 150
 39 151
 39 152
 39 153
 39 154
 39 155
 39 156
 39 159
 39 162
 39 163
 39 167
 39 170
 39 173
 39 175
 39 176
 39 179
 40 5
 40 14
 40 34
 40 36
 40 37
 40 56
 40 59
 40 62
 40 64
 40 87
 40 91
 40 92
 40 100
 40 105
 40 107
 40 124
 40 128
 40 130
 40 133
 40 135
 40 136
 40 137
 40 140
 40 141
 40 149
 40 155
 40 163
 40 168
 40 176
 40 179
 41 2
 41 4
 41 9
 41 10
 41 13
 41 14
 41 15
 41 18
 41 19
 41 27
 41 30
 41 32
 41 33
 41 34
 41 35
 41 37
 41 38
 41 39
 41 40
 41 42
 41 43
 41 44
 41 47
 41 48
 41 51
 41 52
 41 55
 41 56
 41 58
 41 62
 41 63
 41 64
 41 65
 41 73
 41 75
 41 78
 41 82
 41 83
 41 87
 41 89
 41 94
 41 101
 41 102
 41 103
 41 110
 41 111
 41 114
 41 115
 41 125
 41 126
 41 127
 41 128
 41 129
 41 130
 41 131
 41 132
 41 133
 41 134
 41 136
 41 137
 41 138
 41 142
 41 144
 41 147
 41 149
 41 151
 41 153
 41 155
 41 156
 41 157
 41 159
 41 160
 41 161
 41 162
 41 163
 41 165
 41 167
 41 170
 41 173
 41 175
 41 179
 42 2
 42 3
 42 5
 42 6
 42 7
 42 10
 42 18
 42 19
 42 20
 42 25
 42 27
 42 30
 42 37
 42 43
 42 45
 42 51
 42 52
 42 53
 42 59
 42 60
 42 63
 42 65
 42 66
 42 71
 42 72
 42 73
 42 78
 42 79
 42 81
 42 83
 42 88
 42 89
 42 94
 42 96
 42 97
 42 98
 42 99
 42 100
 42 102
 42 103
 42 104
 42 105
 42 111
 42 114
 42 124
 42 125
 42 127
 42 128
 42 129
 42 130
 42 134
 42 135
 42 138
 42 140
 42 142
 42 143
 42 145
 42 147
 42 151
 42 152
 42 156
 42 160
 42 167
 42 168
 42 170
 42 173
 42 175
 42 176
 42 179
 43 2
 43 3
 43 13
 43 14
 43 15
 43 20
 43 21
 43 27
 43 28
 43 36
 43 46
 43 47
 43 53
 43 58
 43 59
 43 71
 43 81
 43 83
 43 85
 43 87
 43 88
 43 91
 43 92
 43 94
 43 96
 43 99
 43 100
 43 110
 43 119
 43 123
 43 125
 43 128
 43 130
 43 131
 43 133
 43 134
 43 136
 43 137
 43 138
 43 139
 43 141
 43 143
 43 145
 43 149
 43 152
 43 153
 43 154
 43 156
 43 159
 43 160
 43 161
 43 162
 43 165
 43 170
 43 171
 43 175
 43 176
 44 2
 44 3
 44 5
 44 6
 44 9
 44 10
 44 13
 44 16
 44 18
 44 20
 44 25
 44 30
 44 32
 44 33
 44 34
 44 36
 44 38
 44 40
 44 43
 44 45
 44 47
 44 51
 44 52
 44 54
 44 56
 44 57
 44 58
 44 59
 44 62
 44 63
 44 65
 44 71
 44 72
 44 73
 44 76
 44 89
 44 95
 44 97
 44 99
 44 102
 44 103
 44 107
 44 110
 44 111
 44 117
 44 118
 44 119
 44 124
 44 126
 44 127
 44 128
 44 131
 44 134
 44 135
 44 137
 44 138
 44 139
 44 141
 44 145
 44 149
 44 152
 44 153
 44 156
 44 157
 44 158
 44 159
 44 160
 44 164
 44 167
 44 171
 44 173
 44 175
 44 176
 44 179
 44 180
 45 6
 45 7
 45 9
 45 10
 45 13
 45 14
 45 15
 45 16
 45 17
 45 18
 45 19
 45 21
 45 24
 45 28
 45 30
 45 33
 45 35
 45 36
 45 38
 45 39
 45 40
 45 43
 45 47
 45 48
 45 51
 45 52
 45 53
 45 54
 45 57
 45 60
 45 65
 45 67
 45 71
 45 73
 45 79
 45 87
 45 89
 45 94
 45 95
 45 99
 45 100
 45 104
 45 105
 45 107
 45 110
 45 114
 45 124
 45 125
 45 127
 45 128
 45 130
 45 133
 45 135
 45 137
 45 142
 45 145
 45 146
 45 150
 45 159
 45 160
 45 163
 45 164
 45 167
 45 170
 45 176
 46 2
 46 3
 46 5
 46 7
 46 14
 46 17
 46 21
 46 27
 46 30
 46 34
 46 37
 46 47
 46 48
 46 52
 46 53
 46 54
 46 56
 46 57
 46 60
 46 64
 46 71
 46 73
 46 76
 46 78
 46 79
 46 81
 46 83
 46 88
 46 91
 46 94
 46 95
 46 96
 46 98
 46 100
 46 104
 46 110
 46 125
 46 128
 46 130
 46 131
 46 135
 46 139
 46 143
 46 147
 46 149
 46 150
 46 152
 46 156
 46 159
 46 160
 46 161
 46 165
 46 167
 46 175
 46 176
 46 179
 47 3
 47 5
 47 9
 47 10
 47 13
 47 20
 47 31
 47 36
 47 40
 47 48
 47 52
 47 53
 47 55
 47 56
 47 57
 47 62
 47 71
 47 73
 47 76
 47 83
 47 85
 47 91
 47 92
 47 94
 47 105
 47 107
 47 110
 47 123
 47 127
 47 128
 47 130
 47 136
 47 138
 47 140
 47 141
 47 142
 47 143
 47 146
 47 147
 47 155
 47 159
 47 160
 47 162
 47 171
 47 175
 47 176
 47 179
 48 5
 48 9
 48 32
 48 52
 48 54
 48 56
 48 72
 48 128
 48 136
 48 164
 49 4
 49 5
 49 6
 49 8
 49 9
 49 11
 49 12
 49 20
 49 21
 49 24
 49 25
 49 26
 49 27
 49 28
 49 30
 49 32
 49 34
 49 36
 49 39
 49 42
 49 43
 49 44
 49 52
 49 54
 49 56
 49 59
 49 60
 49 61
 49 63
 49 64
 49 65
 49 66
 49 67
 49 68
 49 69
 49 71
 49 73
 49 74
 49 75
 49 76
 49 79
 49 80
 49 81
 49 82
 49 84
 49 87
 49 89
 49 93
 49 94
 49 95
 49 96
 49 97
 49 98
 49 99
 49 100
 49 101
 49 102
 49 104
 49 106
 49 111
 49 113
 49 115
 49 118
 49 124
 49 125
 49 127
 49 129
 49 135
 49 136
 49 137
 49 138
 49 139
 49 140
 49 144
 49 145
 49 147
 49 148
 49 149
 49 153
 49 155
 49 157
 49 159
 49 162
 49 163
 49 164
 49 168
 49 169
 49 172
 49 179
 50 3
 50 5
 50 8
 50 9
 50 10
 50 11
 50 15
 50 20
 50 21
 50 22
 50 23
 50 24
 50 28
 50 29
 50 30
 50 31
 50 32
 50 33
 50 34
 50 39
 50 41
 50 42
 50 44
 50 45
 50 46
 50 47
 50 48
 50 51
 50 52
 50 54
 50 58
 50 59
 50 64
 50 71
 50 72
 50 74
 50 77
 50 80
 50 84
 50 86
 50 91
 50 92
 50 94
 50 95
 50 97
 50 98
 50 99
 50 102
 50 104
 50 110
 50 112
 50 115
 50 117
 50 118
 50 119
 50 120
 50 121
 50 123
 50 124
 50 125
 50 127
 50 132
 50 134
 50 136
 50 137
 50 138
 50 141
 50 142
 50 145
 50 146
 50 147
 50 150
 50 153
 50 156
 50 163
 50 164
 50 166
 50 170
 50 171
 50 175
 50 176
 50 179
 51 2
 51 5
 51 6
 51 13
 51 14
 51 15
 51 16
 51 17
 51 20
 51 28
 51 32
 51 34
 51 36
 51 38
 51 40
 51 46
 51 47
 51 53
 51 56
 51 58
 51 59
 51 62
 51 63
 51 64
 51 71
 51 76
 51 78
 51 79
 51 81
 51 83
 51 84
 51 85
 51 87
 51 88
 51 89
 51 91
 51 92
 51 94
 51 99
 51 100
 51 103
 51 104
 51 107
 51 125
 51 128
 51 130
 51 132
 51 135
 51 136
 51 138
 51 139
 51 142
 51 146
 51 147
 51 150
 51 151
 51 152
 51 153
 51 154
 51 156
 51 160
 51 167
 51 168
 51 170
 51 173
 51 175
 51 179
 52 9
 52 55
 52 64
 52 107
 52 133
 52 143
 53 7
 53 9
 53 10
 53 14
 53 27
 53 34
 53 36
 53 37
 53 48
 53 54
 53 55
 53 62
 53 72
 53 73
 53 79
 53 83
 53 91
 53 92
 53 98
 53 104
 53 107
 53 128
 53 133
 53 134
 53 135
 53 136
 53 138
 53 139
 53 140
 53 143
 53 149
 53 150
 53 153
 53 154
 53 162
 53 168
 53 175
 53 179
 54 15
 54 141
 55 141
 56 10
 56 15
 56 32
 56 52
 56 54
 56 64
 56 133
 56 141
 56 161
 57 2
 57 3
 57 5
 57 9
 57 10
 57 15
 57 17
 57 21
 57 27
 57 31
 57 32
 57 34
 57 40
 57 53
 57 54
 57 59
 57 71
 57 72
 57 76
 57 79
 57 85
 57 91
 57 95
 57 104
 57 114
 57 119
 57 128
 57 130
 57 134
 57 135
 57 136
 57 137
 57 138
 57 139
 57 141
 57 143
 57 149
 57 150
 57 153
 57 155
 57 160
 57 161
 57 163
 57 164
 57 167
 57 170
 57 179
 58 3
 58 5
 58 7
 58 9
 58 10
 58 17
 58 20
 58 21
 58 27
 58 28
 58 32
 58 36
 58 37
 58 40
 58 47
 58 48
 58 52
 58 57
 58 60
 58 63
 58 67
 58 72
 58 88
 58 91
 58 94
 58 96
 58 98
 58 99
 58 100
 58 104
 58 105
 58 110
 58 114
 58 128
 58 131
 58 135
 58 136
 58 137
 58 138
 58 139
 58 140
 58 152
 58 153
 58 154
 58 159
 58 167
 58 168
 58 171
 58 176
 59 5
 59 9
 59 10
 59 32
 59 34
 59 48
 59 52
 59 92
 59 105
 59 139
 59 141
 59 162
 59 164
 60 13
 60 15
 60 32
 60 36
 60 37
 60 47
 60 48
 60 56
 60 57
 60 63
 60 71
 60 72
 60 76
 60 83
 60 87
 60 91
 60 105
 60 110
 60 114
 60 123
 60 124
 60 127
 60 128
 60 134
 60 136
 60 140
 60 141
 60 142
 60 152
 60 153
 60 156
 60 161
 60 162
 60 163
 60 165
 60 167
 60 168
 60 176
 60 179
 61 2
 61 3
 61 6
 61 7
 61 10
 61 13
 61 15
 61 16
 61 18
 61 19
 61 20
 61 30
 61 35
 61 38
 61 39
 61 48
 61 51
 61 59
 61 64
 61 66
 61 67
 61 71
 61 75
 61 78
 61 83
 61 87
 61 89
 61 91
 61 94
 61 95
 61 98
 61 99
 61 104
 61 105
 61 107
 61 110
 61 111
 61 114
 61 117
 61 118
 61 124
 61 125
 61 129
 61 132
 61 135
 61 136
 61 137
 61 139
 61 141
 61 147
 61 151
 61 152
 61 154
 61 155
 61 156
 61 157
 61 158
 61 159
 61 161
 61 162
 61 164
 61 166
 61 170
 61 176
 61 179
 62 5
 62 9
 62 10
 62 15
 62 32
 62 36
 62 52
 62 54
 62 55
 62 92
 62 105
 62 107
 62 128
 62 133
 62 136
 62 149
 63 14
 63 15
 63 32
 63 36
 63 37
 63 52
 63 56
 63 59
 63 64
 63 71
 63 72
 63 87
 63 100
 63 105
 63 107
 63 124
 63 131
 63 138
 63 140
 63 142
 63 143
 63 149
 63 155
 63 168
 63 175
 64 141
 65 2
 65 7
 65 9
 65 13
 65 16
 65 17
 65 19
 65 20
 65 28
 65 31
 65 34
 65 40
 65 46
 65 47
 65 48
 65 53
 65 55
 65 57
 65 59
 65 60
 65 62
 65 67
 65 73
 65 89
 65 95
 65 96
 65 98
 65 107
 65 119
 65 124
 65 125
 65 127
 65 131
 65 135
 65 136
 65 137
 65 138
 65 140
 65 142
 65 143
 65 149
 65 150
 65 153
 65 157
 65 160
 65 161
 65 162
 65 163
 65 164
 65 165
 65 167
 65 170
 65 171
 65 175
 65 176
 65 179
 66 3
 66 6
 66 7
 66 9
 66 19
 66 21
 66 31
 66 32
 66 34
 66 35
 66 36
 66 38
 66 39
 66 40
 66 43
 66 46
 66 47
 66 48
 66 52
 66 53
 66 55
 66 56
 66 57
 66 59
 66 60
 66 63
 66 64
 66 65
 66 67
 66 72
 66 78
 66 79
 66 81
 66 85
 66 88
 66 89
 66 91
 66 92
 66 94
 66 102
 66 103
 66 107
 66 109
 66 113
 66 114
 66 124
 66 125
 66 128
 66 129
 66 131
 66 133
 66 134
 66 136
 66 138
 66 143
 66 146
 66 149
 66 150
 66 151
 66 152
 66 153
 66 154
 66 156
 66 158
 66 159
 66 163
 66 164
 66 167
 66 168
 66 170
 66 175
 66 179
 67 9
 67 14
 67 15
 67 17
 67 28
 67 31
 67 53
 67 54
 67 59
 67 63
 67 64
 67 72
 67 76
 67 79
 67 87
 67 91
 67 92
 67 100
 67 105
 67 128
 67 133
 67 135
 67 136
 67 153
 67 159
 67 164
 67 175
 68 2
 68 17
 68 18
 68 19
 68 24
 68 25
 68 28
 68 31
 68 32
 68 34
 68 40
 68 48
 68 52
 68 53
 68 54
 68 55
 68 56
 68 57
 68 58
 68 61
 68 62
 68 63
 68 64
 68 66
 68 67
 68 71
 68 73
 68 78
 68 79
 68 82
 68 83
 68 84
 68 85
 68 88
 68 92
 68 94
 68 95
 68 100
 68 103
 68 106
 68 107
 68 111
 68 113
 68 114
 68 118
 68 119
 68 125
 68 128
 68 129
 68 130
 68 131
 68 134
 68 136
 68 139
 68 140
 68 141
 68 143
 68 144
 68 145
 68 147
 68 151
 68 154
 68 155
 68 158
 68 159
 68 161
 68 163
 68 170
 68 173
 68 175
 68 176
 68 180
 69 5
 69 6
 69 7
 69 8
 69 12
 69 13
 69 15
 69 16
 69 18
 69 19
 69 20
 69 24
 69 27
 69 29
 69 31
 69 32
 69 34
 69 38
 69 43
 69 44
 69 54
 69 55
 69 65
 69 67
 69 71
 69 73
 69 74
 69 76
 69 80
 69 81
 69 83
 69 84
 69 86
 69 87
 69 89
 69 92
 69 93
 69 103
 69 106
 69 107
 69 108
 69 111
 69 112
 69 113
 69 115
 69 117
 69 119
 69 123
 69 124
 69 125
 69 126
 69 130
 69 132
 69 133
 69 134
 69 136
 69 137
 69 140
 69 141
 69 144
 69 146
 69 147
 69 149
 69 152
 69 154
 69 155
 69 157
 69 159
 69 160
 69 161
 69 163
 69 166
 69 171
 69 172
 69 174
 69 175
 69 177
 69 179
 70 2
 70 3
 70 6
 70 11
 70 13
 70 14
 70 17
 70 19
 70 25
 70 26
 70 27
 70 29
 70 30
 70 34
 70 35
 70 37
 70 41
 70 46
 70 51
 70 53
 70 54
 70 55
 70 56
 70 57
 70 58
 70 59
 70 60
 70 64
 70 66
 70 67
 70 68
 70 75
 70 76
 70 77
 70 78
 70 80
 70 82
 70 87
 70 89
 70 92
 70 93
 70 94
 70 96
 70 97
 70 98
 70 99
 70 100
 70 103
 70 106
 70 108
 70 110
 70 112
 70 115
 70 117
 70 121
 70 124
 70 126
 70 127
 70 128
 70 129
 70 130
 70 131
 70 132
 70 135
 70 136
 70 137
 70 138
 70 139
 70 141
 70 144
 70 145
 70 146
 70 152
 70 153
 70 155
 70 156
 70 158
 70 159
 70 161
 70 162
 70 166
 70 167
 70 168
 70 169
 70 171
 70 172
 70 176
 70 177
 70 178
 70 180
 71 5
 71 10
 71 14
 71 32
 71 36
 71 52
 71 55
 71 56
 71 62
 71 73
 71 79
 71 100
 71 107
 71 128
 71 133
 71 136
 71 141
 71 149
 71 162
 71 168
 71 176
 72 15
 72 54
 72 107
 72 128
 73 9
 73 10
 73 15
 73 34
 73 54
 73 55
 73 56
 73 59
 73 62
 73 64
 73 72
 73 79
 73 92
 73 105
 73 107
 73 136
 73 139
 73 141
 73 149
 73 175
 73 176
 74 6
 74 18
 74 20
 74 25
 74 27
 74 32
 74 35
 74 37
 74 38
 74 42
 74 44
 74 45
 74 51
 74 55
 74 58
 74 59
 74 60
 74 62
 74 63
 74 65
 74 66
 74 71
 74 72
 74 73
 74 75
 74 76
 74 79
 74 81
 74 82
 74 84
 74 85
 74 91
 74 92
 74 94
 74 96
 74 97
 74 99
 74 105
 74 110
 74 115
 74 118
 74 128
 74 131
 74 132
 74 133
 74 136
 74 137
 74 138
 74 142
 74 144
 74 147
 74 150
 74 153
 74 159
 74 162
 74 164
 74 165
 74 167
 74 168
 74 171
 74 173
 74 175
 74 178
 74 179
 74 180
 75 2
 75 9
 75 13
 75 16
 75 18
 75 19
 75 20
 75 21
 75 24
 75 27
 75 28
 75 30
 75 31
 75 34
 75 36
 75 37
 75 38
 75 39
 75 45
 75 48
 75 53
 75 55
 75 56
 75 58
 75 60
 75 72
 75 73
 75 76
 75 78
 75 81
 75 83
 75 89
 75 94
 75 96
 75 97
 75 98
 75 102
 75 103
 75 107
 75 111
 75 113
 75 125
 75 131
 75 134
 75 145
 75 146
 75 147
 75 151
 75 152
 75 154
 75 155
 75 156
 75 158
 75 160
 75 162
 75 163
 75 164
 75 167
 75 170
 75 173
 75 175
 76 9
 76 15
 76 31
 76 32
 76 40
 76 48
 76 52
 76 55
 76 59
 76 64
 76 71
 76 83
 76 91
 76 92
 76 94
 76 104
 76 105
 76 128
 76 133
 76 134
 76 135
 76 137
 76 138
 76 139
 76 140
 76 141
 76 149
 76 153
 76 154
 76 155
 76 168
 76 176
 77 2
 77 3
 77 4
 77 6
 77 11
 77 13
 77 16
 77 18
 77 20
 77 21
 77 24
 77 26
 77 28
 77 29
 77 31
 77 32
 77 36
 77 37
 77 38
 77 42
 77 44
 77 47
 77 48
 77 51
 77 52
 77 56
 77 57
 77 58
 77 59
 77 60
 77 61
 77 63
 77 64
 77 66
 77 67
 77 68
 77 69
 77 71
 77 73
 77 74
 77 80
 77 81
 77 90
 77 92
 77 94
 77 95
 77 96
 77 97
 77 98
 77 99
 77 103
 77 105
 77 106
 77 107
 77 108
 77 109
 77 110
 77 112
 77 113
 77 116
 77 118
 77 119
 77 120
 77 126
 77 128
 77 132
 77 134
 77 137
 77 139
 77 141
 77 144
 77 147
 77 148
 77 149
 77 151
 77 152
 77 153
 77 154
 77 161
 77 162
 77 164
 77 165
 77 167
 77 168
 77 171
 77 173
 77 174
 77 175
 77 178
 78 5
 78 7
 78 9
 78 17
 78 20
 78 21
 78 27
 78 28
 78 30
 78 32
 78 34
 78 36
 78 48
 78 52
 78 53
 78 54
 78 55
 78 67
 78 71
 78 72
 78 73
 78 76
 78 85
 78 88
 78 91
 78 94
 78 96
 78 98
 78 99
 78 100
 78 104
 78 107
 78 110
 78 114
 78 119
 78 124
 78 127
 78 128
 78 133
 78 134
 78 136
 78 138
 78 145
 78 146
 78 149
 78 154
 78 155
 78 160
 78 162
 78 164
 78 165
 78 167
 78 170
 78 171
 79 5
 79 9
 79 10
 79 48
 79 55
 79 56
 79 64
 79 92
 79 105
 79 107
 79 133
 79 136
 79 143
 79 161
 79 164
 80 3
 80 5
 80 7
 80 13
 80 14
 80 15
 80 18
 80 19
 80 20
 80 21
 80 25
 80 30
 80 31
 80 32
 80 33
 80 36
 80 37
 80 38
 80 40
 80 41
 80 42
 80 43
 80 44
 80 45
 80 47
 80 48
 80 52
 80 53
 80 54
 80 59
 80 61
 80 62
 80 65
 80 67
 80 71
 80 75
 80 78
 80 79
 80 82
 80 83
 80 84
 80 85
 80 88
 80 92
 80 96
 80 97
 80 98
 80 104
 80 106
 80 107
 80 113
 80 115
 80 124
 80 128
 80 129
 80 130
 80 132
 80 133
 80 136
 80 137
 80 138
 80 146
 80 150
 80 154
 80 156
 80 157
 80 159
 80 161
 80 162
 80 168
 80 170
 80 179
 80 180
 81 5
 81 10
 81 17
 81 21
 81 27
 81 28
 81 31
 81 48
 81 53
 81 54
 81 55
 81 62
 81 63
 81 71
 81 79
 81 94
 81 95
 81 107
 81 114
 81 127
 81 135
 81 136
 81 137
 81 141
 81 142
 81 146
 81 149
 81 150
 81 153
 81 160
 81 161
 81 168
 81 170
 81 173
 82 2
 82 3
 82 5
 82 7
 82 9
 82 13
 82 16
 82 17
 82 19
 82 20
 82 21
 82 25
 82 27
 82 28
 82 31
 82 32
 82 33
 82 34
 82 37
 82 38
 82 39
 82 40
 82 44
 82 45
 82 47
 82 48
 82 51
 82 53
 82 55
 82 56
 82 57
 82 60
 82 61
 82 64
 82 65
 82 66
 82 67
 82 75
 82 76
 82 83
 82 85
 82 87
 82 88
 82 89
 82 91
 82 92
 82 95
 82 97
 82 99
 82 100
 82 102
 82 105
 82 107
 82 117
 82 118
 82 124
 82 125
 82 126
 82 127
 82 128
 82 129
 82 130
 82 131
 82 136
 82 138
 82 143
 82 145
 82 146
 82 147
 82 151
 82 154
 82 155
 82 158
 82 160
 82 162
 82 168
 82 170
 82 171
 82 176
 83 7
 83 48
 83 52
 83 55
 83 62
 83 64
 83 92
 83 100
 83 128
 83 131
 83 133
 83 134
 83 136
 83 139
 83 141
 83 149
 83 153
 83 154
 83 161
 83 162
 83 175
 83 176
 83 179
 84 13
 84 14
 84 21
 84 30
 84 31
 84 32
 84 36
 84 40
 84 48
 84 53
 84 55
 84 56
 84 57
 84 64
 84 67
 84 71
 84 73
 84 76
 84 79
 84 81
 84 83
 84 85
 84 87
 84 88
 84 92
 84 94
 84 95
 84 100
 84 104
 84 105
 84 110
 84 114
 84 119
 84 123
 84 124
 84 125
 84 130
 84 136
 84 138
 84 141
 84 142
 84 145
 84 146
 84 147
 84 149
 84 152
 84 155
 84 156
 84 160
 84 161
 84 162
 84 163
 84 173
 84 176
 85 5
 85 7
 85 10
 85 14
 85 15
 85 34
 85 36
 85 37
 85 40
 85 54
 85 55
 85 56
 85 64
 85 73
 85 76
 85 79
 85 87
 85 92
 85 105
 85 107
 85 124
 85 130
 85 133
 85 136
 85 138
 85 139
 85 143
 85 149
 85 153
 85 154
 85 161
 85 163
 85 175
 86 4
 86 5
 86 7
 86 8
 86 9
 86 11
 86 12
 86 14
 86 15
 86 16
 86 17
 86 18
 86 19
 86 20
 86 23
 86 24
 86 25
 86 26
 86 27
 86 29
 86 31
 86 32
 86 34
 86 35
 86 40
 86 41
 86 42
 86 45
 86 46
 86 51
 86 52
 86 53
 86 59
 86 60
 86 62
 86 64
 86 66
 86 68
 86 72
 86 76
 86 80
 86 82
 86 84
 86 85
 86 87
 86 90
 86 103
 86 104
 86 105
 86 106
 86 107
 86 109
 86 110
 86 111
 86 115
 86 117
 86 118
 86 119
 86 123
 86 124
 86 125
 86 126
 86 128
 86 130
 86 131
 86 132
 86 133
 86 135
 86 138
 86 140
 86 143
 86 144
 86 145
 86 147
 86 150
 86 151
 86 152
 86 153
 86 157
 86 162
 86 167
 86 168
 86 171
 86 175
 86 176
 86 178
 86 179
 86 180
 87 5
 87 9
 87 15
 87 34
 87 36
 87 52
 87 54
 87 55
 87 64
 87 71
 87 72
 87 73
 87 79
 87 92
 87 94
 87 100
 87 107
 87 133
 87 136
 87 139
 87 140
 87 143
 87 155
 87 162
 87 164
 87 168
 87 175
 87 176
 87 179
 88 3
 88 10
 88 17
 88 21
 88 27
 88 28
 88 34
 88 36
 88 37
 88 40
 88 52
 88 53
 88 54
 88 62
 88 71
 88 72
 88 73
 88 76
 88 87
 88 91
 88 92
 88 94
 88 98
 88 104
 88 107
 88 124
 88 128
 88 131
 88 133
 88 134
 88 135
 88 139
 88 140
 88 141
 88 142
 88 146
 88 150
 88 154
 88 155
 88 156
 88 159
 88 160
 88 162
 88 164
 88 176
 88 179
 89 3
 89 5
 89 10
 89 15
 89 16
 89 17
 89 30
 89 32
 89 34
 89 43
 89 48
 89 53
 89 56
 89 57
 89 58
 89 62
 89 63
 89 67
 89 81
 89 83
 89 84
 89 87
 89 88
 89 91
 89 96
 89 99
 89 104
 89 105
 89 107
 89 119
 89 123
 89 128
 89 130
 89 133
 89 134
 89 137
 89 138
 89 143
 89 145
 89 147
 89 152
 89 153
 89 154
 89 156
 89 159
 89 161
 89 162
 89 164
 89 165
 89 168
 89 175
 89 179
 90 3
 90 4
 90 7
 90 15
 90 16
 90 17
 90 27
 90 28
 90 29
 90 35
 90 37
 90 38
 90 39
 90 40
 90 41
 90 42
 90 43
 90 44
 90 46
 90 48
 90 52
 90 53
 90 54
 90 56
 90 57
 90 63
 90 64
 90 71
 90 74
 90 79
 90 80
 90 81
 90 82
 90 87
 90 89
 90 91
 90 93
 90 94
 90 96
 90 100
 90 103
 90 104
 90 106
 90 111
 90 114
 90 118
 90 123
 90 125
 90 135
 90 136
 90 137
 90 140
 90 141
 90 143
 90 144
 90 145
 90 146
 90 149
 90 153
 90 154
 90 155
 90 156
 90 159
 90 160
 90 163
 90 168
 90 173
 90 175
 90 176
 90 177
 90 178
 90 179
 90 180
 91 5
 91 7
 91 14
 91 15
 91 17
 91 34
 91 52
 91 62
 91 63
 91 73
 91 79
 91 104
 91 105
 91 107
 91 124
 91 128
 91 130
 91 131
 91 134
 91 136
 91 139
 91 140
 91 149
 91 154
 91 155
 91 162
 91 163
 91 164
 91 175
 92 10
 92 32
 92 48
 92 54
 92 55
 92 56
 92 64
 92 72
 92 105
 92 107
 92 128
 92 136
 92 141
 92 143
 93 2
 93 6
 93 7
 93 15
 93 16
 93 20
 93 21
 93 24
 93 27
 93 30
 93 31
 93 32
 93 35
 93 36
 93 43
 93 48
 93 54
 93 57
 93 58
 93 61
 93 62
 93 63
 93 71
 93 72
 93 76
 93 79
 93 84
 93 87
 93 89
 93 94
 93 95
 93 96
 93 97
 93 98
 93 100
 93 101
 93 103
 93 105
 93 110
 93 114
 93 118
 93 119
 93 124
 93 125
 93 129
 93 130
 93 133
 93 134
 93 135
 93 136
 93 137
 93 138
 93 141
 93 142
 93 149
 93 154
 93 155
 93 161
 93 165
 93 168
 93 170
 93 173
 93 175
 93 177
 93 179
 93 180
 94 5
 94 7
 94 9
 94 10
 94 15
 94 48
 94 54
 94 56
 94 59
 94 71
 94 92
 94 105
 94 107
 94 128
 94 134
 94 136
 94 139
 94 141
 94 143
 94 153
 94 161
 94 162
 94 175
 94 179
 95 2
 95 9
 95 10
 95 17
 95 21
 95 27
 95 28
 95 32
 95 34
 95 37
 95 40
 95 53
 95 54
 95 59
 95 63
 95 64
 95 71
 95 73
 95 79
 95 83
 95 85
 95 88
 95 91
 95 99
 95 100
 95 104
 95 105
 95 107
 95 124
 95 128
 95 130
 95 137
 95 138
 95 139
 95 141
 95 142
 95 143
 95 146
 95 149
 95 153
 95 155
 95 159
 95 161
 95 163
 95 171
 95 176
 95 179
 96 5
 96 17
 96 28
 96 31
 96 32
 96 36
 96 37
 96 52
 96 53
 96 56
 96 63
 96 64
 96 76
 96 91
 96 94
 96 98
 96 100
 96 104
 96 105
 96 124
 96 128
 96 136
 96 140
 96 142
 96 143
 96 149
 96 150
 96 152
 96 154
 96 161
 96 162
 96 179
 97 2
 97 3
 97 6
 97 7
 97 10
 97 15
 97 27
 97 28
 97 30
 97 32
 97 34
 97 37
 97 40
 97 47
 97 48
 97 52
 97 53
 97 54
 97 56
 97 57
 97 58
 97 60
 97 62
 97 71
 97 76
 97 78
 97 79
 97 88
 97 92
 97 94
 97 95
 97 96
 97 104
 97 105
 97 107
 97 110
 97 119
 97 123
 97 127
 97 128
 97 130
 97 133
 97 136
 97 137
 97 138
 97 140
 97 146
 97 150
 97 152
 97 154
 97 155
 97 156
 97 159
 97 160
 97 161
 97 162
 97 168
 97 170
 97 173
 97 176
 97 179
 98 7
 98 9
 98 14
 98 32
 98 48
 98 52
 98 56
 98 59
 98 71
 98 72
 98 92
 98 105
 98 107
 98 133
 98 134
 98 136
 98 140
 98 149
 98 155
 98 161
 98 163
 98 175
 99 5
 99 7
 99 9
 99 10
 99 15
 99 28
 99 34
 99 36
 99 40
 99 53
 99 55
 99 56
 99 62
 99 64
 99 72
 99 73
 99 83
 99 91
 99 92
 99 96
 99 100
 99 104
 99 105
 99 107
 99 133
 99 136
 99 137
 99 139
 99 143
 99 154
 99 155
 99 159
 99 162
 99 163
 99 164
 99 168
 99 175
 99 176
 99 179
 100 5
 100 10
 100 14
 100 32
 100 34
 100 36
 100 48
 100 52
 100 54
 100 56
 100 62
 100 72
 100 133
 100 136
 100 143
 101 3
 101 4
 101 5
 101 15
 101 16
 101 17
 101 24
 101 25
 101 28
 101 31
 101 32
 101 33
 101 36
 101 37
 101 38
 101 42
 101 43
 101 45
 101 47
 101 48
 101 51
 101 55
 101 56
 101 57
 101 58
 101 60
 101 61
 101 64
 101 65
 101 66
 101 67
 101 68
 101 71
 101 72
 101 73
 101 74
 101 75
 101 76
 101 78
 101 81
 101 84
 101 85
 101 87
 101 88
 101 94
 101 95
 101 103
 101 104
 101 107
 101 111
 101 114
 101 115
 101 119
 101 123
 101 127
 101 129
 101 131
 101 132
 101 133
 101 134
 101 135
 101 138
 101 141
 101 142
 101 145
 101 146
 101 150
 101 151
 101 152
 101 153
 101 154
 101 155
 101 156
 101 157
 101 158
 101 160
 101 161
 101 162
 101 166
 101 167
 101 170
 101 175
 101 177
 101 178
 101 179
 102 2
 102 7
 102 10
 102 13
 102 15
 102 16
 102 21
 102 24
 102 27
 102 31
 102 32
 102 33
 102 34
 102 37
 102 39
 102 46
 102 47
 102 48
 102 51
 102 52
 102 55
 102 56
 102 57
 102 58
 102 60
 102 63
 102 64
 102 71
 102 72
 102 78
 102 79
 102 81
 102 89
 102 91
 102 94
 102 97
 102 98
 102 104
 102 107
 102 113
 102 114
 102 119
 102 127
 102 130
 102 133
 102 134
 102 135
 102 137
 102 140
 102 141
 102 143
 102 151
 102 152
 102 154
 102 156
 102 161
 102 162
 102 164
 102 170
 102 173
 102 179
 102 180
 103 2
 103 6
 103 14
 103 15
 103 16
 103 19
 103 21
 103 27
 103 30
 103 32
 103 33
 103 34
 103 36
 103 46
 103 47
 103 48
 103 52
 103 54
 103 62
 103 65
 103 67
 103 72
 103 76
 103 78
 103 81
 103 83
 103 84
 103 85
 103 87
 103 88
 103 89
 103 95
 103 104
 103 119
 103 124
 103 125
 103 127
 103 133
 103 136
 103 137
 103 138
 103 140
 103 143
 103 146
 103 147
 103 154
 103 155
 103 161
 103 163
 103 165
 103 167
 103 171
 103 175
 103 179
 104 5
 104 7
 104 9
 104 14
 104 15
 104 32
 104 34
 104 36
 104 37
 104 48
 104 55
 104 56
 104 64
 104 71
 104 72
 104 83
 104 92
 104 105
 104 131
 104 133
 104 134
 104 137
 104 139
 104 142
 104 149
 104 153
 104 155
 104 161
 104 162
 104 163
 104 168
 104 175
 104 179
 105 10
 105 32
 105 54
 105 72
 105 107
 105 136
 105 141
 105 143
 105 161
 106 2
 106 5
 106 13
 106 17
 106 21
 106 27
 106 28
 106 30
 106 37
 106 38
 106 39
 106 40
 106 43
 106 44
 106 46
 106 47
 106 54
 106 61
 106 62
 106 64
 106 65
 106 71
 106 72
 106 73
 106 75
 106 76
 106 78
 106 79
 106 84
 106 91
 106 92
 106 94
 106 95
 106 100
 106 103
 106 105
 106 107
 106 109
 106 110
 106 114
 106 115
 106 117
 106 118
 106 128
 106 129
 106 132
 106 139
 106 140
 106 143
 106 145
 106 146
 106 147
 106 149
 106 151
 106 152
 106 153
 106 154
 106 155
 106 156
 106 159
 106 160
 106 161
 106 167
 106 170
 106 176
 106 177
 106 178
 106 179
 106 180
 107 15
 107 64
 107 133
 108 2
 108 3
 108 6
 108 8
 108 10
 108 14
 108 16
 108 18
 108 20
 108 21
 108 22
 108 23
 108 25
 108 26
 108 27
 108 29
 108 32
 108 33
 108 34
 108 35
 108 37
 108 38
 108 42
 108 43
 108 47
 108 51
 108 55
 108 56
 108 60
 108 61
 108 62
 108 63
 108 71
 108 76
 108 78
 108 80
 108 81
 108 86
 108 87
 108 90
 108 91
 108 93
 108 96
 108 97
 108 99
 108 101
 108 110
 108 111
 108 114
 108 115
 108 117
 108 118
 108 126
 108 127
 108 130
 108 131
 108 132
 108 134
 108 136
 108 139
 108 140
 108 142
 108 143
 108 144
 108 146
 108 147
 108 153
 108 155
 108 156
 108 165
 108 168
 108 173
 108 175
 109 3
 109 15
 109 31
 109 32
 109 33
 109 36
 109 37
 109 46
 109 47
 109 48
 109 53
 109 54
 109 55
 109 56
 109 58
 109 62
 109 65
 109 67
 109 72
 109 73
 109 76
 109 78
 109 79
 109 81
 109 85
 109 89
 109 95
 109 96
 109 99
 109 104
 109 110
 109 113
 109 114
 109 124
 109 125
 109 127
 109 128
 109 130
 109 131
 109 132
 109 133
 109 134
 109 140
 109 141
 109 142
 109 146
 109 151
 109 152
 109 154
 109 160
 109 163
 109 164
 109 167
 109 176
 110 2
 110 5
 110 9
 110 13
 110 17
 110 21
 110 28
 110 31
 110 32
 110 36
 110 48
 110 52
 110 54
 110 55
 110 56
 110 63
 110 64
 110 67
 110 71
 110 72
 110 76
 110 79
 110 83
 110 85
 110 88
 110 91
 110 94
 110 95
 110 98
 110 99
 110 100
 110 104
 110 114
 110 123
 110 127
 110 128
 110 130
 110 134
 110 135
 110 136
 110 137
 110 138
 110 141
 110 152
 110 153
 110 159
 110 160
 110 161
 110 162
 110 163
 110 164
 110 165
 110 167
 110 168
 110 170
 111 2
 111 3
 111 5
 111 6
 111 7
 111 9
 111 10
 111 16
 111 18
 111 25
 111 34
 111 35
 111 38
 111 46
 111 51
 111 53
 111 54
 111 56
 111 57
 111 59
 111 60
 111 65
 111 67
 111 72
 111 73
 111 76
 111 79
 111 84
 111 85
 111 87
 111 89
 111 92
 111 96
 111 97
 111 100
 111 102
 111 109
 111 110
 111 113
 111 118
 111 124
 111 125
 111 127
 111 129
 111 130
 111 131
 111 132
 111 134
 111 136
 111 138
 111 139
 111 141
 111 142
 111 150
 111 151
 111 152
 111 153
 111 154
 111 155
 111 156
 111 157
 111 158
 111 160
 111 161
 111 163
 111 164
 111 165
 111 167
 111 168
 111 173
 111 175
 111 179
 111 180
 112 3
 112 4
 112 5
 112 8
 112 11
 112 12
 112 13
 112 14
 112 15
 112 16
 112 17
 112 20
 112 27
 112 29
 112 30
 112 31
 112 32
 112 33
 112 34
 112 35
 112 36
 112 37
 112 42
 112 45
 112 46
 112 47
 112 53
 112 54
 112 56
 112 57
 112 61
 112 62
 112 64
 112 66
 112 71
 112 72
 112 73
 112 74
 112 75
 112 79
 112 80
 112 82
 112 83
 112 85
 112 87
 112 88
 112 91
 112 92
 112 93
 112 97
 112 98
 112 102
 112 103
 112 105
 112 106
 112 107
 112 108
 112 110
 112 111
 112 113
 112 114
 112 115
 112 117
 112 118
 112 119
 112 123
 112 125
 112 126
 112 127
 112 130
 112 131
 112 133
 112 135
 112 136
 112 138
 112 139
 112 142
 112 144
 112 145
 112 149
 112 150
 112 152
 112 154
 112 155
 112 156
 112 157
 112 158
 112 159
 112 160
 112 162
 112 163
 112 165
 112 166
 112 167
 112 168
 112 170
 112 174
 112 175
 112 176
 112 177
 112 178
 112 180
 113 2
 113 15
 113 17
 113 20
 113 27
 113 31
 113 33
 113 34
 113 37
 113 43
 113 54
 113 55
 113 58
 113 59
 113 63
 113 67
 113 71
 113 78
 113 81
 113 83
 113 84
 113 87
 113 89
 113 94
 113 95
 113 96
 113 99
 113 110
 113 114
 113 125
 113 127
 113 128
 113 133
 113 138
 113 139
 113 140
 113 141
 113 142
 113 145
 113 149
 113 150
 113 153
 113 161
 113 162
 113 164
 113 165
 113 168
 113 170
 113 173
 113 176
 114 2
 114 9
 114 14
 114 31
 114 32
 114 34
 114 48
 114 52
 114 53
 114 54
 114 56
 114 63
 114 85
 114 87
 114 91
 114 98
 114 99
 114 100
 114 104
 114 105
 114 127
 114 130
 114 131
 114 135
 114 136
 114 137
 114 138
 114 140
 114 143
 114 150
 114 152
 114 155
 114 159
 114 161
 114 167
 114 168
 114 175
 114 176
 114 179
 115 3
 115 5
 115 10
 115 13
 115 14
 115 16
 115 18
 115 19
 115 20
 115 24
 115 28
 115 30
 115 31
 115 33
 115 35
 115 36
 115 37
 115 44
 115 46
 115 48
 115 55
 115 56
 115 57
 115 58
 115 60
 115 61
 115 63
 115 64
 115 65
 115 67
 115 71
 115 73
 115 75
 115 76
 115 79
 115 82
 115 84
 115 91
 115 92
 115 94
 115 95
 115 102
 115 103
 115 104
 115 107
 115 110
 115 111
 115 113
 115 114
 115 117
 115 123
 115 124
 115 126
 115 129
 115 131
 115 135
 115 137
 115 140
 115 141
 115 143
 115 145
 115 149
 115 151
 115 153
 115 156
 115 157
 115 159
 115 162
 115 163
 115 167
 115 171
 115 175
 115 177
 115 178
 115 180
 116 4
 116 6
 116 8
 116 9
 116 10
 116 18
 116 26
 116 32
 116 37
 116 40
 116 42
 116 44
 116 45
 116 46
 116 48
 116 51
 116 52
 116 54
 116 55
 116 58
 116 60
 116 62
 116 66
 116 68
 116 69
 116 73
 116 74
 116 75
 116 76
 116 78
 116 80
 116 81
 116 83
 116 85
 116 87
 116 89
 116 90
 116 91
 116 92
 116 93
 116 95
 116 96
 116 97
 116 102
 116 106
 116 108
 116 110
 116 111
 116 112
 116 113
 116 114
 116 117
 116 118
 116 119
 116 123
 116 124
 116 125
 116 126
 116 130
 116 134
 116 135
 116 136
 116 140
 116 142
 116 145
 116 148
 116 150
 116 152
 116 158
 116 161
 116 163
 116 164
 116 171
 116 176
 116 177
 116 178
 116 179
 117 3
 117 5
 117 9
 117 13
 117 14
 117 15
 117 16
 117 18
 117 19
 117 20
 117 25
 117 27
 117 28
 117 31
 117 32
 117 33
 117 34
 117 35
 117 36
 117 37
 117 38
 117 39
 117 42
 117 47
 117 48
 117 51
 117 54
 117 55
 117 56
 117 57
 117 58
 117 63
 117 64
 117 66
 117 67
 117 72
 117 76
 117 78
 117 79
 117 81
 117 83
 117 87
 117 88
 117 89
 117 92
 117 94
 117 96
 117 97
 117 98
 117 99
 117 102
 117 103
 117 104
 117 107
 117 109
 117 114
 117 118
 117 119
 117 127
 117 129
 117 130
 117 132
 117 133
 117 136
 117 137
 117 139
 117 140
 117 143
 117 146
 117 147
 117 150
 117 151
 117 152
 117 155
 117 158
 117 159
 117 160
 117 161
 117 163
 117 167
 117 170
 117 173
 117 176
 117 179
 117 180
 118 7
 118 9
 118 10
 118 14
 118 17
 118 19
 118 20
 118 24
 118 27
 118 28
 118 31
 118 32
 118 33
 118 34
 118 38
 118 40
 118 43
 118 46
 118 52
 118 53
 118 54
 118 56
 118 59
 118 60
 118 62
 118 64
 118 67
 118 81
 118 84
 118 85
 118 88
 118 89
 118 91
 118 92
 118 95
 118 96
 118 99
 118 105
 118 107
 118 110
 118 123
 118 125
 118 128
 118 131
 118 133
 118 134
 118 143
 118 145
 118 147
 118 151
 118 156
 118 157
 118 159
 118 160
 118 163
 118 165
 118 167
 118 170
 118 175
 118 179
 119 2
 119 5
 119 7
 119 9
 119 10
 119 13
 119 17
 119 27
 119 28
 119 31
 119 32
 119 36
 119 37
 119 40
 119 53
 119 55
 119 59
 119 62
 119 63
 119 71
 119 72
 119 73
 119 76
 119 87
 119 88
 119 91
 119 92
 119 94
 119 96
 119 98
 119 104
 119 123
 119 124
 119 127
 119 133
 119 135
 119 143
 119 149
 119 150
 119 152
 119 154
 119 156
 119 161
 119 163
 119 167
 119 168
 119 179
 120 2
 120 5
 120 6
 120 8
 120 12
 120 13
 120 15
 120 16
 120 19
 120 20
 120 22
 120 23
 120 25
 120 26
 120 33
 120 37
 120 41
 120 42
 120 44
 120 45
 120 48
 120 51
 120 53
 120 54
 120 55
 120 59
 120 61
 120 62
 120 63
 120 64
 120 67
 120 68
 120 69
 120 71
 120 72
 120 73
 120 74
 120 75
 120 76
 120 79
 120 81
 120 82
 120 85
 120 88
 120 89
 120 91
 120 92
 120 94
 120 96
 120 97
 120 101
 120 103
 120 105
 120 106
 120 109
 120 112
 120 114
 120 115
 120 118
 120 119
 120 125
 120 126
 120 127
 120 128
 120 129
 120 133
 120 134
 120 135
 120 136
 120 137
 120 140
 120 141
 120 146
 120 148
 120 149
 120 150
 120 152
 120 153
 120 155
 120 156
 120 159
 120 161
 120 162
 120 164
 120 165
 120 166
 120 168
 120 170
 120 172
 120 173
 120 175
 120 176
 120 177
 120 178
 120 180
 121 3
 121 4
 121 5
 121 6
 121 7
 121 9
 121 11
 121 13
 121 18
 121 23
 121 24
 121 25
 121 27
 121 28
 121 29
 121 30
 121 31
 121 36
 121 39
 121 44
 121 45
 121 46
 121 47
 121 49
 121 51
 121 52
 121 53
 121 54
 121 55
 121 57
 121 58
 121 59
 121 60
 121 64
 121 69
 121 71
 121 72
 121 73
 121 75
 121 77
 121 85
 121 87
 121 89
 121 90
 121 93
 121 94
 121 95
 121 96
 121 97
 121 98
 121 99
 121 101
 121 107
 121 108
 121 109
 121 111
 121 112
 121 114
 121 115
 121 116
 121 117
 121 120
 121 122
 121 123
 121 124
 121 128
 121 131
 121 133
 121 138
 121 139
 121 142
 121 144
 121 145
 121 148
 121 149
 121 150
 121 152
 121 156
 121 158
 121 159
 121 160
 121 161
 121 162
 121 164
 121 167
 121 172
 121 174
 121 177
 121 178
 121 179
 122 1
 122 3
 122 4
 122 5
 122 9
 122 13
 122 14
 122 17
 122 18
 122 22
 122 23
 122 24
 122 27
 122 28
 122 30
 122 31
 122 34
 122 35
 122 38
 122 39
 122 40
 122 41
 122 47
 122 53
 122 57
 122 58
 122 64
 122 65
 122 66
 122 67
 122 68
 122 71
 122 72
 122 74
 122 75
 122 79
 122 80
 122 84
 122 88
 122 89
 122 90
 122 97
 122 101
 122 102
 122 104
 122 105
 122 106
 122 107
 122 108
 122 109
 122 112
 122 114
 122 115
 122 116
 122 123
 122 124
 122 125
 122 126
 122 127
 122 128
 122 129
 122 130
 122 131
 122 133
 122 136
 122 138
 122 140
 122 141
 122 142
 122 143
 122 144
 122 149
 122 151
 122 152
 122 154
 122 158
 122 162
 122 163
 122 165
 122 167
 122 169
 122 170
 122 171
 122 174
 122 176
 122 179
 123 2
 123 7
 123 9
 123 10
 123 14
 123 17
 123 27
 123 36
 123 37
 123 59
 123 62
 123 63
 123 71
 123 72
 123 73
 123 79
 123 85
 123 92
 123 94
 123 95
 123 96
 123 98
 123 100
 123 105
 123 114
 123 128
 123 130
 123 133
 123 137
 123 138
 123 141
 123 143
 123 149
 123 152
 123 153
 123 154
 123 155
 123 159
 123 160
 123 163
 123 164
 123 165
 123 167
 123 168
 123 171
 124 9
 124 15
 124 32
 124 34
 124 36
 124 48
 124 55
 124 56
 124 59
 124 72
 124 73
 124 79
 124 83
 124 87
 124 100
 124 104
 124 105
 124 131
 124 133
 124 138
 124 139
 124 140
 124 143
 124 161
 124 164
 124 179
 125 2
 125 5
 125 7
 125 9
 125 10
 125 13
 125 14
 125 15
 125 27
 125 32
 125 36
 125 47
 125 52
 125 54
 125 56
 125 64
 125 67
 125 71
 125 76
 125 83
 125 85
 125 87
 125 92
 125 95
 125 98
 125 99
 125 100
 125 105
 125 107
 125 110
 125 114
 125 124
 125 138
 125 139
 125 141
 125 143
 125 145
 125 146
 125 152
 125 153
 125 154
 125 155
 125 156
 125 160
 125 162
 125 164
 125 165
 125 167
 125 170
 125 173
 126 3
 126 10
 126 13
 126 14
 126 15
 126 17
 126 20
 126 21
 126 24
 126 25
 126 28
 126 32
 126 34
 126 36
 126 37
 126 38
 126 39
 126 40
 126 45
 126 46
 126 51
 126 56
 126 57
 126 60
 126 64
 126 65
 126 66
 126 71
 126 75
 126 76
 126 84
 126 87
 126 88
 126 89
 126 92
 126 97
 126 98
 126 99
 126 100
 126 102
 126 103
 126 109
 126 111
 126 113
 126 114
 126 117
 126 127
 126 128
 126 130
 126 133
 126 136
 126 138
 126 140
 126 142
 126 143
 126 146
 126 147
 126 150
 126 151
 126 152
 126 154
 126 155
 126 156
 126 157
 126 158
 126 162
 126 167
 126 173
 126 177
 127 3
 127 5
 127 9
 127 10
 127 17
 127 27
 127 28
 127 34
 127 36
 127 37
 127 48
 127 52
 127 53
 127 56
 127 59
 127 63
 127 64
 127 72
 127 76
 127 87
 127 91
 127 92
 127 94
 127 96
 127 104
 127 107
 127 124
 127 128
 127 130
 127 133
 127 134
 127 135
 127 136
 127 137
 127 138
 127 139
 127 141
 127 142
 127 143
 127 146
 127 149
 127 152
 127 154
 127 156
 127 164
 127 168
 127 171
 127 175
 127 176
 128 54
 128 64
 128 133
 128 141
 129 3
 129 5
 129 14
 129 15
 129 19
 129 21
 129 24
 129 27
 129 28
 129 34
 129 37
 129 40
 129 43
 129 48
 129 51
 129 52
 129 57
 129 59
 129 63
 129 64
 129 65
 129 67
 129 71
 129 73
 129 76
 129 91
 129 94
 129 95
 129 96
 129 99
 129 104
 129 107
 129 114
 129 123
 129 127
 129 128
 129 132
 129 133
 129 135
 129 137
 129 138
 129 139
 129 140
 129 142
 129 143
 129 145
 129 146
 129 147
 129 149
 129 156
 129 162
 129 165
 129 170
 129 171
 129 179
 130 7
 130 14
 130 15
 130 32
 130 36
 130 37
 130 48
 130 52
 130 54
 130 62
 130 64
 130 87
 130 100
 130 107
 130 131
 130 136
 130 138
 130 139
 130 143
 130 161
 130 162
 130 163
 130 164
 131 5
 131 10
 131 15
 131 36
 131 55
 131 56
 131 62
 131 71
 131 79
 131 107
 131 128
 131 136
 131 139
 131 143
 131 153
 131 155
 131 161
 131 164
 131 168
 131 175
 132 3
 132 6
 132 10
 132 13
 132 14
 132 15
 132 16
 132 19
 132 20
 132 27
 132 33
 132 34
 132 43
 132 46
 132 47
 132 54
 132 58
 132 60
 132 62
 132 64
 132 65
 132 76
 132 79
 132 81
 132 84
 132 87
 132 88
 132 96
 132 98
 132 104
 132 107
 132 110
 132 114
 132 119
 132 124
 132 125
 132 127
 132 128
 132 131
 132 134
 132 135
 132 137
 132 141
 132 143
 132 146
 132 147
 132 149
 132 150
 132 151
 132 152
 132 154
 132 155
 132 157
 132 160
 132 161
 132 163
 132 165
 132 168
 132 173
 132 175
 132 179
 134 9
 134 14
 134 34
 134 48
 134 55
 134 56
 134 73
 134 92
 134 100
 134 107
 134 128
 134 136
 134 139
 134 143
 134 149
 134 155
 134 161
 134 164
 134 168
 134 176
 135 5
 135 7
 135 14
 135 15
 135 27
 135 31
 135 34
 135 48
 135 54
 135 56
 135 63
 135 71
 135 73
 135 79
 135 83
 135 87
 135 94
 135 98
 135 104
 135 107
 135 124
 135 133
 135 134
 135 136
 135 138
 135 139
 135 140
 135 141
 135 142
 135 149
 135 154
 135 155
 135 162
 135 163
 135 168
 135 176
 135 179
 136 5
 136 9
 136 15
 136 32
 136 52
 136 54
 136 55
 136 64
 136 107
 136 128
 136 133
 136 141
 136 143
 137 9
 137 10
 137 14
 137 15
 137 32
 137 34
 137 36
 137 48
 137 52
 137 55
 137 56
 137 62
 137 72
 137 73
 137 107
 137 128
 137 133
 137 134
 137 139
 137 141
 137 143
 137 153
 137 155
 137 162
 137 163
 137 164
 137 175
 137 176
 138 5
 138 10
 138 14
 138 32
 138 55
 138 59
 138 71
 138 72
 138 73
 138 83
 138 87
 138 92
 138 94
 138 100
 138 107
 138 128
 138 137
 138 139
 138 141
 138 154
 138 155
 138 164
 138 175
 138 176
 138 179
 139 5
 139 10
 139 14
 139 34
 139 36
 139 48
 139 52
 139 55
 139 56
 139 64
 139 79
 139 133
 139 136
 139 164
 139 175
 140 9
 140 10
 140 15
 140 34
 140 54
 140 55
 140 56
 140 62
 140 72
 140 73
 140 92
 140 100
 140 128
 140 133
 140 134
 140 136
 140 139
 140 149
 140 153
 140 155
 140 161
 140 162
 140 164
 140 168
 140 175
 142 7
 142 9
 142 14
 142 15
 142 32
 142 34
 142 36
 142 54
 142 55
 142 56
 142 62
 142 64
 142 71
 142 73
 142 83
 142 98
 142 105
 142 134
 142 136
 142 137
 142 138
 142 141
 142 154
 142 161
 142 162
 142 163
 142 175
 142 176
 142 179
 144 6
 144 9
 144 14
 144 15
 144 18
 144 21
 144 28
 144 34
 144 36
 144 37
 144 38
 144 44
 144 47
 144 48
 144 51
 144 52
 144 53
 144 54
 144 59
 144 61
 144 62
 144 66
 144 67
 144 71
 144 78
 144 81
 144 84
 144 87
 144 89
 144 99
 144 100
 144 104
 144 105
 144 109
 144 114
 144 126
 144 127
 144 128
 144 130
 144 132
 144 133
 144 134
 144 136
 144 138
 144 140
 144 141
 144 143
 144 145
 144 147
 144 150
 144 155
 144 156
 144 157
 144 159
 144 161
 144 162
 144 163
 144 165
 144 166
 144 168
 144 170
 144 175
 144 176
 144 177
 144 180
 145 3
 145 7
 145 9
 145 13
 145 14
 145 20
 145 27
 145 31
 145 37
 145 40
 145 47
 145 48
 145 52
 145 54
 145 56
 145 57
 145 59
 145 62
 145 72
 145 79
 145 83
 145 87
 145 95
 145 98
 145 100
 145 104
 145 105
 145 110
 145 114
 145 123
 145 128
 145 133
 145 134
 145 136
 145 138
 145 139
 145 140
 145 142
 145 143
 145 146
 145 147
 145 149
 145 154
 145 155
 145 156
 145 161
 145 164
 145 165
 145 176
 145 179
 146 5
 146 14
 146 15
 146 17
 146 36
 146 37
 146 48
 146 52
 146 53
 146 54
 146 55
 146 62
 146 67
 146 73
 146 79
 146 83
 146 87
 146 91
 146 94
 146 96
 146 98
 146 105
 146 107
 146 128
 146 133
 146 137
 146 140
 146 143
 146 149
 146 150
 146 152
 146 153
 146 156
 146 161
 146 162
 146 163
 146 176
 147 2
 147 9
 147 14
 147 17
 147 28
 147 32
 147 34
 147 40
 147 53
 147 54
 147 59
 147 62
 147 63
 147 64
 147 72
 147 73
 147 83
 147 85
 147 87
 147 88
 147 91
 147 92
 147 94
 147 95
 147 100
 147 104
 147 114
 147 124
 147 127
 147 130
 147 133
 147 139
 147 140
 147 143
 147 149
 147 155
 147 159
 147 161
 147 162
 147 163
 147 164
 147 165
 147 167
 147 168
 147 170
 147 173
 147 175
 147 179
 148 2
 148 3
 148 4
 148 5
 148 6
 148 7
 148 8
 148 12
 148 14
 148 15
 148 17
 148 20
 148 21
 148 23
 148 26
 148 28
 148 30
 148 31
 148 32
 148 33
 148 34
 148 35
 148 38
 148 39
 148 40
 148 42
 148 44
 148 48
 148 52
 148 55
 148 58
 148 61
 148 65
 148 66
 148 68
 148 71
 148 75
 148 76
 148 78
 148 79
 148 83
 148 84
 148 86
 148 88
 148 89
 148 90
 148 91
 148 93
 148 96
 148 98
 148 99
 148 106
 148 109
 148 110
 148 112
 148 113
 148 114
 148 118
 148 124
 148 125
 148 128
 148 129
 148 130
 148 131
 148 132
 148 133
 148 136
 148 137
 148 139
 148 144
 148 145
 148 147
 148 149
 148 150
 148 151
 148 152
 148 154
 148 155
 148 156
 148 158
 148 159
 148 160
 148 161
 148 163
 148 165
 148 167
 148 168
 148 170
 148 173
 148 175
 148 176
 148 180
 149 5
 149 9
 149 10
 149 15
 149 36
 149 64
 149 92
 149 105
 149 107
 149 128
 149 133
 149 141
 149 161
 150 5
 150 7
 150 14
 150 15
 150 17
 150 27
 150 31
 150 34
 150 37
 150 54
 150 55
 150 56
 150 59
 150 62
 150 79
 150 87
 150 91
 150 94
 150 100
 150 104
 150 105
 150 107
 150 130
 150 131
 150 133
 150 134
 150 135
 150 138
 150 140
 150 141
 150 149
 150 154
 150 159
 150 175
 150 176
 150 179
 151 2
 151 3
 151 7
 151 9
 151 10
 151 13
 151 15
 151 19
 151 21
 151 24
 151 28
 151 31
 151 34
 151 40
 151 46
 151 47
 151 48
 151 52
 151 53
 151 55
 151 59
 151 60
 151 62
 151 63
 151 64
 151 71
 151 72
 151 87
 151 88
 151 89
 151 91
 151 94
 151 96
 151 97
 151 99
 151 100
 151 105
 151 110
 151 114
 151 119
 151 124
 151 127
 151 128
 151 133
 151 135
 151 137
 151 139
 151 140
 151 141
 151 147
 151 154
 151 155
 151 156
 151 161
 151 162
 151 164
 151 168
 151 170
 151 176
 152 9
 152 14
 152 15
 152 17
 152 27
 152 34
 152 40
 152 54
 152 55
 152 59
 152 62
 152 63
 152 73
 152 76
 152 79
 152 85
 152 91
 152 92
 152 100
 152 124
 152 130
 152 136
 152 138
 152 139
 152 141
 152 143
 152 150
 152 154
 152 159
 152 164
 152 168
 152 175
 152 179
 153 5
 153 9
 153 32
 153 34
 153 36
 153 48
 153 54
 153 55
 153 56
 153 59
 153 64
 153 72
 153 73
 153 79
 153 92
 153 107
 153 139
 153 143
 153 149
 153 161
 153 162
 154 7
 154 10
 154 14
 154 32
 154 34
 154 54
 154 55
 154 59
 154 62
 154 71
 154 72
 154 105
 154 107
 154 128
 154 131
 154 133
 154 136
 154 140
 154 141
 154 143
 154 155
 154 161
 154 162
 154 164
 154 175
 155 15
 155 48
 155 56
 155 64
 155 79
 155 105
 155 128
 155 139
 155 143
 155 149
 155 161
 155 164
 156 7
 156 9
 156 10
 156 14
 156 17
 156 27
 156 32
 156 34
 156 40
 156 52
 156 53
 156 55
 156 56
 156 64
 156 67
 156 71
 156 72
 156 73
 156 79
 156 94
 156 96
 156 98
 156 105
 156 107
 156 124
 156 128
 156 131
 156 133
 156 134
 156 136
 156 137
 156 141
 156 149
 156 153
 156 154
 156 161
 156 162
 156 168
 156 175
 157 3
 157 6
 157 7
 157 10
 157 13
 157 14
 157 16
 157 20
 157 21
 157 27
 157 28
 157 32
 157 37
 157 40
 157 43
 157 46
 157 48
 157 52
 157 53
 157 57
 157 58
 157 59
 157 60
 157 63
 157 72
 157 73
 157 76
 157 83
 157 85
 157 87
 157 89
 157 91
 157 92
 157 94
 157 97
 157 104
 157 107
 157 110
 157 114
 157 123
 157 125
 157 127
 157 128
 157 130
 157 131
 157 133
 157 135
 157 140
 157 141
 157 145
 157 150
 157 154
 157 156
 157 160
 157 161
 157 164
 157 167
 157 168
 157 179
 158 2
 158 5
 158 6
 158 7
 158 10
 158 13
 158 17
 158 27
 158 28
 158 30
 158 33
 158 34
 158 40
 158 48
 158 52
 158 53
 158 56
 158 57
 158 58
 158 59
 158 63
 158 64
 158 81
 158 83
 158 84
 158 85
 158 88
 158 89
 158 91
 158 92
 158 94
 158 95
 158 96
 158 99
 158 100
 158 109
 158 110
 158 113
 158 124
 158 125
 158 127
 158 132
 158 133
 158 134
 158 135
 158 137
 158 139
 158 142
 158 146
 158 147
 158 149
 158 150
 158 151
 158 152
 158 153
 158 155
 158 157
 158 159
 158 160
 158 161
 158 163
 158 164
 158 170
 158 173
 158 179
 159 5
 159 9
 159 32
 159 34
 159 40
 159 48
 159 54
 159 55
 159 56
 159 62
 159 64
 159 71
 159 73
 159 79
 159 91
 159 94
 159 98
 159 100
 159 104
 159 107
 159 124
 159 128
 159 131
 159 133
 159 134
 159 136
 159 138
 159 139
 159 141
 159 149
 159 153
 159 155
 159 163
 159 164
 159 175
 159 176
 159 179
 160 5
 160 7
 160 17
 160 27
 160 28
 160 34
 160 36
 160 48
 160 56
 160 59
 160 62
 160 67
 160 71
 160 72
 160 76
 160 79
 160 83
 160 85
 160 87
 160 91
 160 92
 160 96
 160 98
 160 100
 160 107
 160 124
 160 130
 160 131
 160 136
 160 138
 160 141
 160 143
 160 149
 160 152
 160 153
 160 156
 160 161
 160 162
 160 164
 160 168
 160 171
 160 179
 161 54
 161 55
 161 64
 161 107
 161 133
 161 141
 161 143
 162 5
 162 9
 162 10
 162 52
 162 55
 162 56
 162 105
 162 128
 162 136
 162 143
 162 161
 162 164
 163 10
 163 14
 163 36
 163 48
 163 52
 163 54
 163 62
 163 64
 163 71
 163 72
 163 73
 163 79
 163 92
 163 100
 163 107
 163 134
 163 136
 163 139
 163 140
 163 141
 163 153
 163 161
 164 5
 164 9
 164 10
 164 15
 164 32
 164 52
 164 54
 164 55
 164 64
 164 72
 164 107
 164 128
 164 136
 164 141
 165 5
 165 10
 165 14
 165 27
 165 28
 165 36
 165 48
 165 52
 165 53
 165 55
 165 56
 165 63
 165 67
 165 76
 165 83
 165 85
 165 95
 165 96
 165 99
 165 104
 165 114
 165 127
 165 134
 165 143
 165 150
 165 152
 165 154
 165 156
 165 160
 165 162
 165 168
 165 171
 165 175
 165 176
 165 179
 166 6
 166 9
 166 14
 166 15
 166 16
 166 18
 166 19
 166 21
 166 24
 166 25
 166 27
 166 28
 166 35
 166 39
 166 42
 166 43
 166 46
 166 52
 166 53
 166 54
 166 56
 166 57
 166 60
 166 62
 166 64
 166 66
 166 71
 166 72
 166 73
 166 75
 166 79
 166 83
 166 87
 166 89
 166 94
 166 97
 166 98
 166 99
 166 103
 166 105
 166 109
 166 113
 166 118
 166 124
 166 125
 166 127
 166 132
 166 134
 166 135
 166 137
 166 139
 166 143
 166 147
 166 150
 166 152
 166 156
 166 157
 166 158
 166 159
 166 161
 166 162
 166 167
 166 170
 166 173
 166 179
 166 180
 167 3
 167 5
 167 7
 167 14
 167 15
 167 17
 167 27
 167 28
 167 31
 167 32
 167 36
 167 48
 167 52
 167 54
 167 62
 167 63
 167 71
 167 72
 167 73
 167 76
 167 85
 167 87
 167 91
 167 94
 167 96
 167 98
 167 100
 167 105
 167 107
 167 127
 167 128
 167 130
 167 133
 167 134
 167 135
 167 137
 167 138
 167 141
 167 143
 167 146
 167 149
 167 150
 167 152
 167 153
 167 156
 167 159
 167 162
 167 163
 167 164
 167 168
 167 176
 168 5
 168 9
 168 14
 168 15
 168 32
 168 36
 168 54
 168 56
 168 62
 168 64
 168 73
 168 79
 168 100
 168 133
 168 141
 168 143
 168 149
 168 155
 168 164
 168 176
 169 2
 169 3
 169 5
 169 9
 169 10
 169 11
 169 16
 169 20
 169 26
 169 27
 169 31
 169 32
 169 34
 169 39
 169 40
 169 42
 169 44
 169 47
 169 48
 169 52
 169 55
 169 56
 169 61
 169 65
 169 68
 169 74
 169 76
 169 78
 169 81
 169 84
 169 86
 169 87
 169 88
 169 89
 169 91
 169 94
 169 95
 169 98
 169 99
 169 100
 169 101
 169 105
 169 109
 169 111
 169 112
 169 113
 169 114
 169 115
 169 118
 169 123
 169 124
 169 127
 169 132
 169 133
 169 138
 169 139
 169 140
 169 142
 169 145
 169 147
 169 152
 169 153
 169 155
 169 156
 169 159
 169 160
 169 161
 169 164
 169 165
 169 167
 169 168
 169 171
 169 172
 169 175
 169 176
 169 177
 169 178
 169 179
 169 180
 170 3
 170 5
 170 9
 170 15
 170 21
 170 28
 170 31
 170 32
 170 36
 170 52
 170 53
 170 55
 170 56
 170 62
 170 64
 170 72
 170 76
 170 83
 170 88
 170 91
 170 92
 170 94
 170 96
 170 99
 170 107
 170 114
 170 123
 170 124
 170 130
 170 133
 170 134
 170 138
 170 139
 170 141
 170 142
 170 149
 170 150
 170 153
 170 155
 170 156
 170 159
 170 160
 170 162
 170 164
 170 165
 170 168
 170 171
 170 179
 171 5
 171 7
 171 14
 171 15
 171 28
 171 31
 171 36
 171 37
 171 48
 171 52
 171 53
 171 54
 171 55
 171 56
 171 62
 171 63
 171 67
 171 71
 171 72
 171 73
 171 76
 171 83
 171 91
 171 92
 171 94
 171 96
 171 99
 171 105
 171 107
 171 124
 171 128
 171 130
 171 134
 171 135
 171 137
 171 140
 171 142
 171 152
 171 156
 171 159
 171 162
 171 164
 171 168
 171 179
 172 2
 172 4
 172 8
 172 10
 172 14
 172 15
 172 16
 172 17
 172 18
 172 19
 172 20
 172 26
 172 31
 172 32
 172 35
 172 39
 172 40
 172 45
 172 46
 172 47
 172 51
 172 52
 172 55
 172 56
 172 58
 172 59
 172 62
 172 66
 172 68
 172 71
 172 73
 172 75
 172 78
 172 79
 172 82
 172 85
 172 88
 172 89
 172 91
 172 93
 172 95
 172 96
 172 99
 172 101
 172 104
 172 106
 172 111
 172 115
 172 118
 172 123
 172 124
 172 128
 172 130
 172 132
 172 133
 172 134
 172 135
 172 137
 172 139
 172 140
 172 144
 172 150
 172 151
 172 157
 172 161
 172 162
 172 164
 172 165
 172 166
 172 167
 172 170
 172 173
 172 176
 172 178
 173 5
 173 7
 173 21
 173 27
 173 31
 173 37
 173 52
 173 53
 173 54
 173 56
 173 57
 173 88
 173 91
 173 94
 173 95
 173 96
 173 99
 173 114
 173 123
 173 127
 173 130
 173 131
 173 134
 173 138
 173 139
 173 140
 173 141
 173 142
 173 149
 173 150
 173 155
 173 159
 173 161
 173 165
 173 168
 173 170
 173 171
 174 2
 174 3
 174 5
 174 6
 174 7
 174 9
 174 11
 174 14
 174 17
 174 19
 174 21
 174 23
 174 25
 174 27
 174 28
 174 31
 174 36
 174 37
 174 38
 174 40
 174 44
 174 45
 174 46
 174 47
 174 52
 174 56
 174 63
 174 65
 174 66
 174 67
 174 68
 174 74
 174 78
 174 79
 174 82
 174 89
 174 92
 174 94
 174 97
 174 98
 174 99
 174 100
 174 101
 174 102
 174 103
 174 107
 174 109
 174 110
 174 111
 174 113
 174 128
 174 131
 174 136
 174 137
 174 138
 174 139
 174 141
 174 143
 174 144
 174 145
 174 146
 174 150
 174 155
 174 156
 174 157
 174 158
 174 159
 174 160
 174 161
 174 162
 174 164
 174 168
 174 171
 174 173
 174 175
 174 176
 174 177
 174 179
 175 9
 175 14
 175 15
 175 55
 175 64
 175 72
 175 128
 175 143
 175 149
 175 162
 176 9
 176 10
 176 14
 176 32
 176 48
 176 52
 176 55
 176 72
 176 92
 176 100
 176 128
 176 143
 176 155
 176 161
 176 162
 176 175
 177 2
 177 6
 177 7
 177 9
 177 13
 177 14
 177 16
 177 17
 177 18
 177 20
 177 21
 177 33
 177 36
 177 38
 177 39
 177 40
 177 43
 177 46
 177 47
 177 48
 177 52
 177 53
 177 54
 177 55
 177 57
 177 59
 177 60
 177 62
 177 64
 177 67
 177 71
 177 72
 177 76
 177 79
 177 81
 177 83
 177 84
 177 88
 177 89
 177 94
 177 95
 177 99
 177 102
 177 110
 177 124
 177 125
 177 127
 177 129
 177 133
 177 138
 177 140
 177 141
 177 142
 177 143
 177 146
 177 149
 177 150
 177 152
 177 155
 177 156
 177 157
 177 160
 177 165
 177 167
 177 168
 177 170
 177 180
 178 5
 178 7
 178 10
 178 13
 178 15
 178 17
 178 19
 178 27
 178 28
 178 31
 178 38
 178 43
 178 44
 178 48
 178 51
 178 52
 178 53
 178 55
 178 56
 178 57
 178 62
 178 65
 178 72
 178 76
 178 81
 178 82
 178 83
 178 84
 178 87
 178 91
 178 94
 178 95
 178 96
 178 98
 178 99
 178 104
 178 105
 178 110
 178 113
 178 114
 178 123
 178 125
 178 126
 178 127
 178 128
 178 130
 178 131
 178 132
 178 134
 178 136
 178 142
 178 143
 178 145
 178 150
 178 151
 178 153
 178 154
 178 157
 178 159
 178 160
 178 162
 178 164
 178 165
 178 166
 178 168
 178 170
 178 173
 178 179
 178 180
 179 7
 179 10
 179 14
 179 15
 179 32
 179 71
 179 79
 179 92
 179 105
 179 128
 179 133
 179 139
 179 140
 179 143
 179 149
 179 153
 179 154
 179 155
 179 161
 179 168
 180 5
 180 6
 180 7
 180 10
 180 15
 180 17
 180 18
 180 19
 180 20
 180 21
 180 31
 180 32
 180 34
 180 37
 180 39
 180 40
 180 43
 180 47
 180 48
 180 52
 180 53
 180 55
 180 58
 180 62
 180 67
 180 71
 180 72
 180 73
 180 76
 180 78
 180 81
 180 87
 180 88
 180 89
 180 95
 180 97
 180 98
 180 99
 180 103
 180 104
 180 105
 180 110
 180 119
 180 123
 180 124
 180 125
 180 128
 180 129
 180 132
 180 133
 180 134
 180 137
 180 138
 180 141
 180 142
 180 146
 180 151
 180 153
 180 155
 180 156
 180 158
 180 161
 180 167
 180 175
 180 179
